reservoir,storage,capacity,pct_capacity,date
Granger,,,,"//# "
Granger,,,,"//# The reservoir data contained in this file are best estimates generated by the Texas    "
Granger,,,,"//# Water Development Board(TWDB) using data collected by various data providers as well   "
Granger,,,,"//# as by TWDB. For a detailed explaination of the methodology used please visit:          "
Granger,,,,"//#                                                                                        "
Granger,,,,"//#     http://waterdatafortexas.org/reservoirs/methodology                                "
Granger,,,,"//#                                                                                        "
Granger,,,,"//# TWDB makes no warranties(including no warranties as to merchantability or fitness)     "
Granger,,,,"//# either expressed or implied with respect to the data or its fitness for any specific   "
Granger,,,,"//# application.                                                                           "
Granger,,,,"//# "
Granger,,,,"//# "
Granger,,,,"//# Definitions:"
Granger,,,,"//#     reservoir_storage = actual storage at measured lake elevation"
Granger,,,,"//#     dead_pool_capacity = storage at dead pool elevation"
Granger,,,," dead pool capacity//#     conservation_capacity = storage at conservation pool elevation "
Granger,,,," dead pool capacity (note: conservation storage is capped at conservation capacity)//#     conservation_storage = reservoir storage "
Granger,,,,"//#     percent_full = 100 * conservation storage/conservation capacity"
Granger,,,,"//# "
Granger,,,,"//#     for more detailed explanations see http://waterdatafortexas.org/reservoirs/glossary"
Granger,,,,"//# "
Granger,,,,"//# Estimated daily average data for Granger Lake"
Granger,,,,"08/04T17:36:13.012250 UTC/#     generated: 2015"
Granger,,,,"//#     url: http://waterdatafortexas.org/reservoirs/individual/granger.csv"
Granger,,,,"//# "
Granger,,,,"Area/Capacity rating curve(s) used:/# Elevation"
Granger,,,,"curve/USGS/1979/01/#     http://waterdatafortexas.org/reservoirs/individual/granger/rating"
Granger,,,,"curve/TWDB/2008/08/#     http://waterdatafortexas.org/reservoirs/individual/granger/rating"
Granger,,,,"//# "
Granger,,,,"//# Conservation pool elevation(s) used: 504.0 feet above NGVD29"
Granger,,,,"//# "
Granger,,,,"//# Dead pool elevation(s) used: 457.0 feet above NGVD29"
Granger,,,,"//# "
Granger,,,,"//# Units:"
Granger,,,,"MM/DD/#     date: YYYY"
Granger,,,,"//#     water_level: feet above NGVD29"
Granger,,,,"//#     surface_area: acres"
Granger,,,,"feet//#     storages: acre"
Granger,,,,"//# "
Granger,conservation_storage,conservation_capacity,percent_full,//date
Granger,615,57612,1.1,01/22/1980
Granger,1040,57612,1.8,01/23/1980
Granger,1360,57612,2.4,01/24/1980
Granger,1520,57612,2.6,01/25/1980
Granger,1640,57612,2.8,01/26/1980
Granger,1700,57612,3.0,01/27/1980
Granger,1930,57612,3.3,01/28/1980
Granger,2080,57612,3.6,01/29/1980
Granger,2220,57612,3.9,01/30/1980
Granger,2370,57612,4.1,01/31/1980
Granger,2490,57612,4.3,02/01/1980
Granger,2610,57612,4.5,02/02/1980
Granger,2730,57612,4.7,02/03/1980
Granger,2860,57612,5.0,02/04/1980
Granger,2990,57612,5.2,02/05/1980
Granger,3120,57612,5.4,02/06/1980
Granger,3210,57612,5.6,02/07/1980
Granger,3320,57612,5.8,02/08/1980
Granger,3720,57612,6.5,02/09/1980
Granger,4740,57612,8.2,02/10/1980
Granger,5310,57612,9.2,02/11/1980
Granger,5620,57612,9.8,02/12/1980
Granger,5860,57612,10.2,02/13/1980
Granger,6070,57612,10.5,02/14/1980
Granger,6160,57612,10.7,02/15/1980
Granger,6500,57612,11.3,02/16/1980
Granger,6830,57612,11.9,02/17/1980
Granger,6990,57612,12.1,02/18/1980
Granger,7260,57612,12.6,02/19/1980
Granger,7460,57612,12.9,02/20/1980
Granger,7670,57612,13.3,02/21/1980
Granger,7800,57612,13.5,02/22/1980
Granger,7900,57612,13.7,02/23/1980
Granger,8000,57612,13.9,02/24/1980
Granger,8250,57612,14.3,02/25/1980
Granger,8420,57612,14.6,02/26/1980
Granger,8530,57612,14.8,02/27/1980
Granger,8640,57612,15.0,02/28/1980
Granger,8750,57612,15.2,02/29/1980
Granger,8940,57612,15.5,03/01/1980
Granger,9170,57612,15.9,03/02/1980
Granger,9320,57612,16.2,03/03/1980
Granger,9440,57612,16.4,03/04/1980
Granger,9550,57612,16.6,03/05/1980
Granger,9680,57612,16.8,03/06/1980
Granger,9790,57612,17.0,03/07/1980
Granger,9990,57612,17.3,03/08/1980
Granger,10160,57612,17.6,03/09/1980
Granger,10260,57612,17.8,03/10/1980
Granger,10390,57612,18.0,03/11/1980
Granger,10510,57612,18.2,03/12/1980
Granger,10640,57612,18.5,03/13/1980
Granger,10760,57612,18.7,03/14/1980
Granger,10810,57612,18.8,03/15/1980
Granger,10890,57612,18.9,03/16/1980
Granger,11120,57612,19.3,03/17/1980
Granger,11280,57612,19.6,03/18/1980
Granger,11320,57612,19.6,03/19/1980
Granger,11320,57612,19.6,03/20/1980
Granger,11400,57612,19.8,03/21/1980
Granger,11450,57612,19.9,03/22/1980
Granger,11540,57612,20.0,03/23/1980
Granger,11670,57612,20.3,03/24/1980
Granger,11790,57612,20.5,03/25/1980
Granger,11930,57612,20.7,03/26/1980
Granger,12060,57612,20.9,03/27/1980
Granger,13500,57612,23.4,03/28/1980
Granger,14540,57612,25.2,03/29/1980
Granger,14910,57612,25.9,03/30/1980
Granger,15120,57612,26.2,03/31/1980
Granger,15270,57612,26.5,04/01/1980
Granger,15410,57612,26.7,04/02/1980
Granger,15560,57612,27.0,04/03/1980
Granger,15600,57612,27.1,04/04/1980
Granger,15700,57612,27.3,04/05/1980
Granger,15750,57612,27.3,04/06/1980
Granger,15850,57612,27.5,04/07/1980
Granger,16040,57612,27.8,04/08/1980
Granger,16190,57612,28.1,04/09/1980
Granger,16190,57612,28.1,04/10/1980
Granger,16260,57612,28.2,04/11/1980
Granger,16340,57612,28.4,04/12/1980
Granger,16530,57612,28.7,04/13/1980
Granger,17360,57612,30.1,04/14/1980
Granger,17610,57612,30.6,04/15/1980
Granger,17790,57612,30.9,04/16/1980
Granger,17870,57612,31.0,04/17/1980
Granger,17980,57612,31.2,04/18/1980
Granger,18070,57612,31.4,04/19/1980
Granger,18170,57612,31.5,04/20/1980
Granger,18250,57612,31.7,04/21/1980
Granger,18320,57612,31.8,04/22/1980
Granger,18400,57612,31.9,04/23/1980
Granger,18480,57612,32.1,04/24/1980
Granger,18560,57612,32.2,04/25/1980
Granger,18960,57612,32.9,04/26/1980
Granger,19080,57612,33.1,04/27/1980
Granger,19180,57612,33.3,04/28/1980
Granger,19260,57612,33.4,04/29/1980
Granger,19340,57612,33.6,04/30/1980
Granger,19390,57612,33.7,05/01/1980
Granger,19520,57612,33.9,05/02/1980
Granger,19670,57612,34.1,05/03/1980
Granger,19780,57612,34.3,05/04/1980
Granger,19860,57612,34.5,05/05/1980
Granger,19980,57612,34.7,05/06/1980
Granger,20030,57612,34.8,05/07/1980
Granger,20200,57612,35.1,05/08/1980
Granger,20530,57612,35.6,05/09/1980
Granger,21130,57612,36.7,05/10/1980
Granger,21400,57612,37.1,05/11/1980
Granger,21590,57612,37.5,05/12/1980
Granger,21920,57612,38.0,05/13/1980
Granger,22640,57612,39.3,05/14/1980
Granger,28580,57612,49.6,05/15/1980
Granger,29790,57612,51.7,05/16/1980
Granger,31370,57612,54.5,05/17/1980
Granger,32180,57612,55.9,05/18/1980
Granger,32540,57612,56.5,05/19/1980
Granger,33050,57612,57.4,05/20/1980
Granger,33670,57612,58.4,05/21/1980
Granger,34120,57612,59.2,05/22/1980
Granger,34510,57612,59.9,05/23/1980
Granger,34760,57612,60.3,05/24/1980
Granger,35050,57612,60.8,05/25/1980
Granger,35360,57612,61.4,05/26/1980
Granger,35440,57612,61.5,05/27/1980
Granger,35650,57612,61.9,05/28/1980
Granger,35780,57612,62.1,05/29/1980
Granger,35880,57612,62.3,05/30/1980
Granger,36070,57612,62.6,05/31/1980
Granger,36150,57612,62.7,06/01/1980
Granger,36280,57612,63.0,06/02/1980
Granger,36280,57612,63.0,06/03/1980
Granger,36440,57612,63.3,06/04/1980
Granger,36520,57612,63.4,06/05/1980
Granger,36570,57612,63.5,06/06/1980
Granger,36680,57612,63.7,06/07/1980
Granger,36680,57612,63.7,06/08/1980
Granger,36840,57612,63.9,06/09/1980
Granger,36950,57612,64.1,06/10/1980
Granger,36900,57612,64.0,06/11/1980
Granger,36920,57612,64.1,06/12/1980
Granger,36950,57612,64.1,06/13/1980
Granger,37030,57612,64.3,06/14/1980
Granger,37060,57612,64.3,06/15/1980
Granger,37060,57612,64.3,06/16/1980
Granger,37060,57612,64.3,06/17/1980
Granger,37060,57612,64.3,06/18/1980
Granger,37090,57612,64.4,06/19/1980
Granger,37090,57612,64.4,06/20/1980
Granger,37090,57612,64.4,06/21/1980
Granger,37250,57612,64.7,06/22/1980
Granger,37300,57612,64.7,06/23/1980
Granger,37300,57612,64.7,06/24/1980
Granger,37280,57612,64.7,06/25/1980
Granger,37250,57612,64.7,06/26/1980
Granger,37200,57612,64.6,06/27/1980
Granger,37200,57612,64.6,06/28/1980
Granger,37060,57612,64.3,06/29/1980
Granger,36980,57612,64.2,06/30/1980
Granger,36950,57612,64.1,07/01/1980
Granger,36920,57612,64.1,07/02/1980
Granger,36870,57612,64.0,07/03/1980
Granger,36790,57612,63.9,07/04/1980
Granger,36740,57612,63.8,07/05/1980
Granger,36680,57612,63.7,07/06/1980
Granger,36630,57612,63.6,07/07/1980
Granger,36550,57612,63.4,07/08/1980
Granger,36520,57612,63.4,07/09/1980
Granger,36440,57612,63.3,07/10/1980
Granger,36390,57612,63.2,07/11/1980
Granger,36310,57612,63.0,07/12/1980
Granger,36230,57612,62.9,07/13/1980
Granger,36090,57612,62.6,07/14/1980
Granger,36040,57612,62.6,07/15/1980
Granger,35960,57612,62.4,07/16/1980
Granger,35880,57612,62.3,07/17/1980
Granger,35800,57612,62.1,07/18/1980
Granger,35720,57612,62.0,07/19/1980
Granger,35650,57612,61.9,07/20/1980
Granger,35570,57612,61.7,07/21/1980
Granger,35520,57612,61.7,07/22/1980
Granger,35440,57612,61.5,07/23/1980
Granger,35380,57612,61.4,07/24/1980
Granger,35540,57612,61.7,07/25/1980
Granger,35490,57612,61.6,07/26/1980
Granger,35440,57612,61.5,07/27/1980
Granger,35310,57612,61.3,07/28/1980
Granger,35230,57612,61.2,07/29/1980
Granger,35230,57612,61.2,07/30/1980
Granger,35150,57612,61.0,07/31/1980
Granger,35070,57612,60.9,08/01/1980
Granger,34990,57612,60.7,08/02/1980
Granger,34920,57612,60.6,08/03/1980
Granger,34810,57612,60.4,08/04/1980
Granger,34660,57612,60.2,08/05/1980
Granger,34580,57612,60.0,08/06/1980
Granger,34530,57612,59.9,08/07/1980
Granger,34480,57612,59.8,08/08/1980
Granger,34400,57612,59.7,08/09/1980
Granger,34330,57612,59.6,08/10/1980
Granger,34300,57612,59.5,08/11/1980
Granger,34300,57612,59.5,08/12/1980
Granger,34200,57612,59.4,08/13/1980
Granger,34200,57612,59.4,08/14/1980
Granger,34120,57612,59.2,08/15/1980
Granger,34070,57612,59.1,08/16/1980
Granger,34050,57612,59.1,08/17/1980
Granger,34000,57612,59.0,08/18/1980
Granger,34000,57612,59.0,08/19/1980
Granger,33950,57612,58.9,08/20/1980
Granger,33870,57612,58.8,08/21/1980
Granger,33820,57612,58.7,08/22/1980
Granger,33770,57612,58.6,08/23/1980
Granger,33720,57612,58.5,08/24/1980
Granger,33620,57612,58.4,08/25/1980
Granger,33600,57612,58.3,08/26/1980
Granger,33520,57612,58.2,08/27/1980
Granger,33470,57612,58.1,08/28/1980
Granger,33400,57612,58.0,08/29/1980
Granger,33470,57612,58.1,08/30/1980
Granger,33450,57612,58.1,08/31/1980
Granger,33400,57612,58.0,09/01/1980
Granger,33320,57612,57.8,09/02/1980
Granger,33250,57612,57.7,09/03/1980
Granger,33150,57612,57.5,09/04/1980
Granger,33100,57612,57.5,09/05/1980
Granger,33030,57612,57.3,09/06/1980
Granger,33080,57612,57.4,09/07/1980
Granger,33300,57612,57.8,09/08/1980
Granger,33470,57612,58.1,09/09/1980
Granger,33500,57612,58.1,09/10/1980
Granger,33600,57612,58.3,09/11/1980
Granger,33720,57612,58.5,09/12/1980
Granger,33720,57612,58.5,09/13/1980
Granger,33670,57612,58.4,09/14/1980
Granger,33650,57612,58.4,09/15/1980
Granger,33620,57612,58.4,09/16/1980
Granger,33550,57612,58.2,09/17/1980
Granger,33500,57612,58.1,09/18/1980
Granger,33450,57612,58.1,09/19/1980
Granger,33750,57612,58.6,09/20/1980
Granger,34000,57612,59.0,09/21/1980
Granger,34050,57612,59.1,09/22/1980
Granger,34000,57612,59.0,09/23/1980
Granger,34000,57612,59.0,09/24/1980
Granger,33970,57612,59.0,09/25/1980
Granger,34000,57612,59.0,09/26/1980
Granger,34000,57612,59.0,09/27/1980
Granger,34020,57612,59.1,09/28/1980
Granger,34180,57612,59.3,09/29/1980
Granger,34250,57612,59.4,09/30/1980
Granger,34330,57612,59.6,10/01/1980
Granger,34330,57612,59.6,10/02/1980
Granger,34300,57612,59.5,10/03/1980
Granger,34280,57612,59.5,10/04/1980
Granger,34250,57612,59.4,10/05/1980
Granger,34230,57612,59.4,10/06/1980
Granger,34200,57612,59.4,10/07/1980
Granger,34200,57612,59.4,10/08/1980
Granger,34180,57612,59.3,10/09/1980
Granger,34150,57612,59.3,10/10/1980
Granger,34120,57612,59.2,10/11/1980
Granger,34070,57612,59.1,10/12/1980
Granger,34050,57612,59.1,10/13/1980
Granger,34020,57612,59.1,10/14/1980
Granger,34020,57612,59.1,10/15/1980
Granger,34050,57612,59.1,10/16/1980
Granger,34560,57612,60.0,10/17/1980
Granger,34920,57612,60.6,10/18/1980
Granger,35050,57612,60.8,10/19/1980
Granger,35100,57612,60.9,10/20/1980
Granger,35150,57612,61.0,10/21/1980
Granger,35150,57612,61.0,10/22/1980
Granger,35150,57612,61.0,10/23/1980
Granger,35150,57612,61.0,10/24/1980
Granger,35150,57612,61.0,10/25/1980
Granger,35150,57612,61.0,10/26/1980
Granger,35150,57612,61.0,10/27/1980
Granger,35150,57612,61.0,10/28/1980
Granger,35150,57612,61.0,10/29/1980
Granger,35120,57612,61.0,10/30/1980
Granger,35120,57612,61.0,10/31/1980
Granger,35120,57612,61.0,11/01/1980
Granger,35120,57612,61.0,11/02/1980
Granger,35120,57612,61.0,11/03/1980
Granger,35150,57612,61.0,11/04/1980
Granger,35150,57612,61.0,11/05/1980
Granger,35150,57612,61.0,11/06/1980
Granger,35150,57612,61.0,11/07/1980
Granger,35150,57612,61.0,11/08/1980
Granger,35180,57612,61.1,11/09/1980
Granger,35180,57612,61.1,11/10/1980
Granger,35180,57612,61.1,11/11/1980
Granger,35200,57612,61.1,11/12/1980
Granger,35200,57612,61.1,11/13/1980
Granger,35200,57612,61.1,11/14/1980
Granger,35200,57612,61.1,11/15/1980
Granger,35200,57612,61.1,11/16/1980
Granger,35460,57612,61.5,11/17/1980
Granger,35730,57612,62.0,11/18/1980
Granger,35750,57612,62.1,11/19/1980
Granger,35780,57612,62.1,11/20/1980
Granger,35800,57612,62.1,11/21/1980
Granger,35830,57612,62.2,11/22/1980
Granger,35880,57612,62.3,11/23/1980
Granger,35940,57612,62.4,11/24/1980
Granger,35940,57612,62.4,11/25/1980
Granger,36090,57612,62.6,11/26/1980
Granger,36440,57612,63.3,11/27/1980
Granger,36660,57612,63.6,11/28/1980
Granger,36760,57612,63.8,11/29/1980
Granger,36760,57612,63.8,11/30/1980
Granger,36840,57612,63.9,12/01/1980
Granger,36920,57612,64.1,12/02/1980
Granger,36950,57612,64.1,12/03/1980
Granger,36980,57612,64.2,12/04/1980
Granger,37030,57612,64.3,12/05/1980
Granger,37090,57612,64.4,12/06/1980
Granger,37170,57612,64.5,12/07/1980
Granger,37250,57612,64.7,12/08/1980
Granger,37440,57612,65.0,12/09/1980
Granger,37770,57612,65.6,12/10/1980
Granger,37940,57612,65.9,12/11/1980
Granger,38020,57612,66.0,12/12/1980
Granger,38100,57612,66.1,12/13/1980
Granger,38160,57612,66.2,12/14/1980
Granger,38240,57612,66.4,12/15/1980
Granger,38350,57612,66.6,12/16/1980
Granger,38440,57612,66.7,12/17/1980
Granger,38490,57612,66.8,12/18/1980
Granger,38550,57612,66.9,12/19/1980
Granger,38580,57612,67.0,12/20/1980
Granger,38580,57612,67.0,12/21/1980
Granger,38550,57612,66.9,12/22/1980
Granger,38630,57612,67.1,12/23/1980
Granger,38720,57612,67.2,12/24/1980
Granger,38740,57612,67.2,12/25/1980
Granger,38770,57612,67.3,12/26/1980
Granger,38800,57612,67.3,12/27/1980
Granger,38860,57612,67.5,12/28/1980
Granger,38910,57612,67.5,12/29/1980
Granger,38970,57612,67.6,12/30/1980
Granger,39030,57612,67.7,12/31/1980
Granger,39050,57612,67.8,01/01/1981
Granger,39110,57612,67.9,01/02/1981
Granger,39170,57612,68.0,01/03/1981
Granger,39200,57612,68.0,01/04/1981
Granger,39230,57612,68.1,01/05/1981
Granger,39250,57612,68.1,01/06/1981
Granger,39370,57612,68.3,01/07/1981
Granger,39450,57612,68.5,01/08/1981
Granger,39480,57612,68.5,01/09/1981
Granger,39540,57612,68.6,01/10/1981
Granger,39600,57612,68.7,01/11/1981
Granger,39630,57612,68.8,01/12/1981
Granger,39680,57612,68.9,01/13/1981
Granger,39710,57612,68.9,01/14/1981
Granger,39770,57612,69.0,01/15/1981
Granger,39800,57612,69.1,01/16/1981
Granger,39860,57612,69.2,01/17/1981
Granger,39880,57612,69.2,01/18/1981
Granger,39880,57612,69.2,01/19/1981
Granger,40060,57612,69.5,01/20/1981
Granger,40260,57612,69.9,01/21/1981
Granger,40350,57612,70.0,01/22/1981
Granger,40440,57612,70.2,01/23/1981
Granger,40520,57612,70.3,01/24/1981
Granger,40580,57612,70.4,01/25/1981
Granger,40640,57612,70.5,01/26/1981
Granger,40700,57612,70.6,01/27/1981
Granger,40730,57612,70.7,01/28/1981
Granger,40790,57612,70.8,01/29/1981
Granger,40850,57612,70.9,01/30/1981
Granger,40910,57612,71.0,01/31/1981
Granger,40940,57612,71.1,02/01/1981
Granger,41000,57612,71.2,02/02/1981
Granger,41020,57612,71.2,02/03/1981
Granger,41050,57612,71.3,02/04/1981
Granger,41140,57612,71.4,02/05/1981
Granger,41380,57612,71.8,02/06/1981
Granger,41620,57612,72.2,02/07/1981
Granger,41740,57612,72.5,02/08/1981
Granger,41830,57612,72.6,02/09/1981
Granger,41890,57612,72.7,02/10/1981
Granger,43260,57612,75.1,02/11/1981
Granger,42620,57612,74.0,02/12/1981
Granger,42560,57612,73.9,02/13/1981
Granger,42680,57612,74.1,02/14/1981
Granger,42770,57612,74.2,02/15/1981
Granger,42800,57612,74.3,02/16/1981
Granger,42950,57612,74.6,02/17/1981
Granger,43050,57612,74.7,02/18/1981
Granger,43290,57612,75.1,02/19/1981
Granger,43290,57612,75.1,02/20/1981
Granger,43290,57612,75.1,02/21/1981
Granger,43450,57612,75.4,02/22/1981
Granger,43600,57612,75.7,02/23/1981
Granger,43600,57612,75.7,02/24/1981
Granger,43670,57612,75.8,02/25/1981
Granger,43700,57612,75.9,02/26/1981
Granger,43790,57612,76.0,02/27/1981
Granger,43920,57612,76.2,02/28/1981
Granger,44100,57612,76.5,03/01/1981
Granger,44200,57612,76.7,03/02/1981
Granger,44290,57612,76.9,03/03/1981
Granger,45090,57612,78.3,03/04/1981
Granger,45730,57612,79.4,03/05/1981
Granger,45960,57612,79.8,03/06/1981
Granger,46080,57612,80.0,03/07/1981
Granger,46480,57612,80.7,03/08/1981
Granger,46480,57612,80.7,03/09/1981
Granger,46900,57612,81.4,03/10/1981
Granger,47070,57612,81.7,03/11/1981
Granger,47370,57612,82.2,03/12/1981
Granger,47860,57612,83.1,03/13/1981
Granger,48370,57612,84.0,03/14/1981
Granger,48740,57612,84.6,03/15/1981
Granger,48970,57612,85.0,03/16/1981
Granger,49170,57612,85.3,03/17/1981
Granger,49380,57612,85.7,03/18/1981
Granger,49480,57612,85.9,03/19/1981
Granger,49620,57612,86.1,03/20/1981
Granger,49750,57612,86.4,03/21/1981
Granger,49820,57612,86.5,03/22/1981
Granger,49920,57612,86.6,03/23/1981
Granger,50060,57612,86.9,03/24/1981
Granger,50200,57612,87.1,03/25/1981
Granger,50370,57612,87.4,03/26/1981
Granger,50470,57612,87.6,03/27/1981
Granger,50650,57612,87.9,03/28/1981
Granger,50820,57612,88.2,03/29/1981
Granger,50990,57612,88.5,03/30/1981
Granger,51130,57612,88.7,03/31/1981
Granger,51280,57612,89.0,04/01/1981
Granger,51420,57612,89.3,04/02/1981
Granger,51520,57612,89.4,04/03/1981
Granger,51770,57612,89.9,04/04/1981
Granger,52130,57612,90.5,04/05/1981
Granger,52450,57612,91.0,04/06/1981
Granger,52670,57612,91.4,04/07/1981
Granger,52770,57612,91.6,04/08/1981
Granger,52920,57612,91.9,04/09/1981
Granger,53060,57612,92.1,04/10/1981
Granger,53170,57612,92.3,04/11/1981
Granger,53170,57612,92.3,04/12/1981
Granger,53210,57612,92.4,04/13/1981
Granger,53250,57612,92.4,04/14/1981
Granger,53210,57612,92.4,04/15/1981
Granger,53210,57612,92.4,04/16/1981
Granger,53470,57612,92.8,04/17/1981
Granger,53470,57612,92.8,04/18/1981
Granger,53540,57612,92.9,04/19/1981
Granger,53540,57612,92.9,04/20/1981
Granger,53580,57612,93.0,04/21/1981
Granger,53580,57612,93.0,04/22/1981
Granger,53800,57612,93.4,04/23/1981
Granger,54390,57612,94.4,04/24/1981
Granger,54950,57612,95.4,04/25/1981
Granger,55250,57612,95.9,04/26/1981
Granger,55360,57612,96.1,04/27/1981
Granger,55480,57612,96.3,04/28/1981
Granger,55590,57612,96.5,04/29/1981
Granger,55740,57612,96.8,04/30/1981
Granger,55860,57612,97.0,05/01/1981
Granger,55890,57612,97.0,05/02/1981
Granger,56080,57612,97.3,05/03/1981
Granger,56350,57612,97.8,05/04/1981
Granger,56510,57612,98.1,05/05/1981
Granger,56580,57612,98.2,05/06/1981
Granger,56620,57612,98.3,05/07/1981
Granger,56700,57612,98.4,05/08/1981
Granger,56780,57612,98.6,05/09/1981
Granger,56850,57612,98.7,05/10/1981
Granger,56780,57612,98.6,05/11/1981
Granger,56780,57612,98.6,05/12/1981
Granger,56780,57612,98.6,05/13/1981
Granger,56780,57612,98.6,05/14/1981
Granger,56780,57612,98.6,05/15/1981
Granger,57010,57612,99.0,05/16/1981
Granger,57320,57612,99.5,05/17/1981
Granger,57550,57612,99.9,05/18/1981
Granger,57612,57612,100.0,05/19/1981
Granger,57612,57612,100.0,05/20/1981
Granger,57590,57612,100.0,05/21/1981
Granger,57612,57612,100.0,05/22/1981
Granger,57612,57612,100.0,05/23/1981
Granger,57612,57612,100.0,05/24/1981
Granger,57612,57612,100.0,05/25/1981
Granger,57612,57612,100.0,05/26/1981
Granger,57612,57612,100.0,05/27/1981
Granger,57612,57612,100.0,05/28/1981
Granger,57612,57612,100.0,05/29/1981
Granger,57612,57612,100.0,05/30/1981
Granger,57612,57612,100.0,05/31/1981
Granger,57612,57612,100.0,06/01/1981
Granger,57612,57612,100.0,06/02/1981
Granger,57612,57612,100.0,06/03/1981
Granger,57612,57612,100.0,06/04/1981
Granger,57612,57612,100.0,06/05/1981
Granger,57612,57612,100.0,06/06/1981
Granger,57612,57612,100.0,06/07/1981
Granger,57612,57612,100.0,06/08/1981
Granger,57612,57612,100.0,06/09/1981
Granger,57612,57612,100.0,06/10/1981
Granger,57612,57612,100.0,06/11/1981
Granger,57612,57612,100.0,06/12/1981
Granger,57612,57612,100.0,06/13/1981
Granger,57612,57612,100.0,06/14/1981
Granger,57612,57612,100.0,06/15/1981
Granger,57612,57612,100.0,06/16/1981
Granger,57612,57612,100.0,06/17/1981
Granger,57612,57612,100.0,06/18/1981
Granger,57612,57612,100.0,06/19/1981
Granger,57612,57612,100.0,06/20/1981
Granger,57612,57612,100.0,06/21/1981
Granger,57612,57612,100.0,06/22/1981
Granger,57612,57612,100.0,06/23/1981
Granger,57612,57612,100.0,06/24/1981
Granger,57612,57612,100.0,06/25/1981
Granger,57612,57612,100.0,06/26/1981
Granger,57612,57612,100.0,06/27/1981
Granger,57612,57612,100.0,06/28/1981
Granger,57612,57612,100.0,06/29/1981
Granger,57612,57612,100.0,06/30/1981
Granger,57612,57612,100.0,07/01/1981
Granger,57612,57612,100.0,07/02/1981
Granger,57612,57612,100.0,07/03/1981
Granger,57612,57612,100.0,07/04/1981
Granger,57612,57612,100.0,07/05/1981
Granger,57612,57612,100.0,07/06/1981
Granger,57612,57612,100.0,07/07/1981
Granger,57612,57612,100.0,07/08/1981
Granger,57612,57612,100.0,07/09/1981
Granger,57612,57612,100.0,07/10/1981
Granger,57612,57612,100.0,07/11/1981
Granger,57612,57612,100.0,07/12/1981
Granger,57612,57612,100.0,07/13/1981
Granger,57612,57612,100.0,07/14/1981
Granger,57612,57612,100.0,07/15/1981
Granger,57612,57612,100.0,07/16/1981
Granger,57612,57612,100.0,07/17/1981
Granger,57612,57612,100.0,07/18/1981
Granger,57612,57612,100.0,07/19/1981
Granger,57612,57612,100.0,07/20/1981
Granger,57612,57612,100.0,07/21/1981
Granger,57612,57612,100.0,07/22/1981
Granger,57612,57612,100.0,07/23/1981
Granger,57612,57612,100.0,07/24/1981
Granger,57612,57612,100.0,07/25/1981
Granger,57612,57612,100.0,07/26/1981
Granger,57612,57612,100.0,07/27/1981
Granger,57612,57612,100.0,07/28/1981
Granger,57612,57612,100.0,07/29/1981
Granger,57612,57612,100.0,07/30/1981
Granger,57612,57612,100.0,07/31/1981
Granger,57612,57612,100.0,08/01/1981
Granger,57612,57612,100.0,08/02/1981
Granger,57612,57612,100.0,08/03/1981
Granger,57612,57612,100.0,08/04/1981
Granger,57612,57612,100.0,08/05/1981
Granger,57612,57612,100.0,08/06/1981
Granger,57612,57612,100.0,08/07/1981
Granger,57612,57612,100.0,08/08/1981
Granger,57612,57612,100.0,08/09/1981
Granger,57612,57612,100.0,08/10/1981
Granger,57612,57612,100.0,08/11/1981
Granger,57612,57612,100.0,08/12/1981
Granger,57612,57612,100.0,08/13/1981
Granger,57612,57612,100.0,08/14/1981
Granger,57612,57612,100.0,08/15/1981
Granger,57612,57612,100.0,08/16/1981
Granger,57612,57612,100.0,08/17/1981
Granger,57612,57612,100.0,08/18/1981
Granger,57612,57612,100.0,08/19/1981
Granger,57612,57612,100.0,08/20/1981
Granger,57612,57612,100.0,08/21/1981
Granger,57612,57612,100.0,08/22/1981
Granger,57612,57612,100.0,08/23/1981
Granger,57612,57612,100.0,08/24/1981
Granger,57612,57612,100.0,08/25/1981
Granger,57612,57612,100.0,08/26/1981
Granger,57612,57612,100.0,08/27/1981
Granger,57612,57612,100.0,08/28/1981
Granger,57612,57612,100.0,08/29/1981
Granger,57612,57612,100.0,08/30/1981
Granger,57612,57612,100.0,08/31/1981
Granger,57612,57612,100.0,09/01/1981
Granger,57612,57612,100.0,09/02/1981
Granger,57612,57612,100.0,09/03/1981
Granger,57612,57612,100.0,09/04/1981
Granger,57612,57612,100.0,09/05/1981
Granger,57612,57612,100.0,09/06/1981
Granger,57612,57612,100.0,09/07/1981
Granger,57612,57612,100.0,09/08/1981
Granger,57612,57612,100.0,09/09/1981
Granger,57612,57612,100.0,09/10/1981
Granger,57612,57612,100.0,09/11/1981
Granger,57612,57612,100.0,09/12/1981
Granger,57612,57612,100.0,09/13/1981
Granger,57612,57612,100.0,09/14/1981
Granger,57612,57612,100.0,09/15/1981
Granger,57612,57612,100.0,09/16/1981
Granger,57612,57612,100.0,09/17/1981
Granger,57612,57612,100.0,09/18/1981
Granger,57612,57612,100.0,09/19/1981
Granger,57612,57612,100.0,09/20/1981
Granger,57612,57612,100.0,09/21/1981
Granger,57612,57612,100.0,09/22/1981
Granger,57612,57612,100.0,09/23/1981
Granger,57612,57612,100.0,09/24/1981
Granger,57612,57612,100.0,09/25/1981
Granger,57612,57612,100.0,09/26/1981
Granger,57612,57612,100.0,09/27/1981
Granger,57612,57612,100.0,09/28/1981
Granger,57612,57612,100.0,09/29/1981
Granger,57612,57612,100.0,09/30/1981
Granger,57612,57612,100.0,10/01/1981
Granger,57612,57612,100.0,10/02/1981
Granger,57612,57612,100.0,10/03/1981
Granger,57612,57612,100.0,10/04/1981
Granger,57612,57612,100.0,10/05/1981
Granger,57612,57612,100.0,10/06/1981
Granger,57612,57612,100.0,10/07/1981
Granger,57612,57612,100.0,10/08/1981
Granger,57612,57612,100.0,10/09/1981
Granger,57612,57612,100.0,10/10/1981
Granger,57612,57612,100.0,10/11/1981
Granger,57612,57612,100.0,10/12/1981
Granger,57612,57612,100.0,10/13/1981
Granger,57612,57612,100.0,10/14/1981
Granger,57612,57612,100.0,10/15/1981
Granger,57612,57612,100.0,10/16/1981
Granger,57612,57612,100.0,10/17/1981
Granger,57612,57612,100.0,10/18/1981
Granger,57612,57612,100.0,10/19/1981
Granger,57612,57612,100.0,10/20/1981
Granger,57612,57612,100.0,10/21/1981
Granger,57612,57612,100.0,10/22/1981
Granger,57612,57612,100.0,10/23/1981
Granger,57612,57612,100.0,10/24/1981
Granger,57612,57612,100.0,10/25/1981
Granger,57612,57612,100.0,10/26/1981
Granger,57612,57612,100.0,10/27/1981
Granger,57612,57612,100.0,10/28/1981
Granger,57612,57612,100.0,10/29/1981
Granger,57612,57612,100.0,10/30/1981
Granger,57612,57612,100.0,10/31/1981
Granger,57612,57612,100.0,11/01/1981
Granger,57612,57612,100.0,11/02/1981
Granger,57612,57612,100.0,11/03/1981
Granger,57612,57612,100.0,11/04/1981
Granger,57612,57612,100.0,11/05/1981
Granger,57612,57612,100.0,11/06/1981
Granger,57612,57612,100.0,11/07/1981
Granger,57612,57612,100.0,11/08/1981
Granger,57612,57612,100.0,11/09/1981
Granger,57612,57612,100.0,11/10/1981
Granger,57612,57612,100.0,11/11/1981
Granger,57612,57612,100.0,11/12/1981
Granger,57612,57612,100.0,11/13/1981
Granger,57612,57612,100.0,11/14/1981
Granger,57612,57612,100.0,11/15/1981
Granger,57612,57612,100.0,11/16/1981
Granger,57612,57612,100.0,11/17/1981
Granger,57612,57612,100.0,11/18/1981
Granger,57612,57612,100.0,11/19/1981
Granger,57612,57612,100.0,11/20/1981
Granger,57612,57612,100.0,11/21/1981
Granger,57612,57612,100.0,11/22/1981
Granger,57612,57612,100.0,11/23/1981
Granger,57612,57612,100.0,11/24/1981
Granger,57612,57612,100.0,11/25/1981
Granger,57612,57612,100.0,11/26/1981
Granger,57612,57612,100.0,11/27/1981
Granger,57612,57612,100.0,11/28/1981
Granger,57612,57612,100.0,11/29/1981
Granger,57612,57612,100.0,11/30/1981
Granger,57612,57612,100.0,12/01/1981
Granger,57612,57612,100.0,12/02/1981
Granger,57612,57612,100.0,12/03/1981
Granger,57612,57612,100.0,12/04/1981
Granger,57612,57612,100.0,12/05/1981
Granger,57612,57612,100.0,12/06/1981
Granger,57612,57612,100.0,12/07/1981
Granger,57612,57612,100.0,12/08/1981
Granger,57612,57612,100.0,12/09/1981
Granger,57612,57612,100.0,12/10/1981
Granger,57612,57612,100.0,12/11/1981
Granger,57612,57612,100.0,12/12/1981
Granger,57612,57612,100.0,12/13/1981
Granger,57612,57612,100.0,12/14/1981
Granger,57612,57612,100.0,12/15/1981
Granger,57612,57612,100.0,12/16/1981
Granger,57612,57612,100.0,12/17/1981
Granger,57612,57612,100.0,12/18/1981
Granger,57612,57612,100.0,12/19/1981
Granger,57612,57612,100.0,12/20/1981
Granger,57612,57612,100.0,12/21/1981
Granger,57612,57612,100.0,12/22/1981
Granger,57612,57612,100.0,12/23/1981
Granger,57612,57612,100.0,12/24/1981
Granger,57612,57612,100.0,12/25/1981
Granger,57612,57612,100.0,12/26/1981
Granger,57612,57612,100.0,12/27/1981
Granger,57612,57612,100.0,12/28/1981
Granger,57612,57612,100.0,12/29/1981
Granger,57612,57612,100.0,12/30/1981
Granger,57612,57612,100.0,12/31/1981
Granger,57612,57612,100.0,01/01/1982
Granger,57612,57612,100.0,01/02/1982
Granger,57612,57612,100.0,01/03/1982
Granger,57612,57612,100.0,01/04/1982
Granger,57612,57612,100.0,01/05/1982
Granger,57612,57612,100.0,01/06/1982
Granger,57612,57612,100.0,01/07/1982
Granger,57612,57612,100.0,01/08/1982
Granger,57612,57612,100.0,01/09/1982
Granger,57612,57612,100.0,01/10/1982
Granger,57612,57612,100.0,01/11/1982
Granger,57612,57612,100.0,01/12/1982
Granger,57612,57612,100.0,01/13/1982
Granger,57612,57612,100.0,01/14/1982
Granger,57612,57612,100.0,01/15/1982
Granger,57612,57612,100.0,01/16/1982
Granger,57612,57612,100.0,01/17/1982
Granger,57612,57612,100.0,01/18/1982
Granger,57612,57612,100.0,01/19/1982
Granger,57612,57612,100.0,01/20/1982
Granger,57612,57612,100.0,01/21/1982
Granger,57612,57612,100.0,01/22/1982
Granger,57612,57612,100.0,01/23/1982
Granger,57612,57612,100.0,01/24/1982
Granger,57612,57612,100.0,01/25/1982
Granger,57612,57612,100.0,01/26/1982
Granger,57612,57612,100.0,01/27/1982
Granger,57612,57612,100.0,01/28/1982
Granger,57612,57612,100.0,01/29/1982
Granger,57612,57612,100.0,01/30/1982
Granger,57612,57612,100.0,01/31/1982
Granger,57612,57612,100.0,02/01/1982
Granger,57612,57612,100.0,02/02/1982
Granger,57612,57612,100.0,02/03/1982
Granger,57612,57612,100.0,02/04/1982
Granger,57612,57612,100.0,02/05/1982
Granger,57612,57612,100.0,02/06/1982
Granger,57612,57612,100.0,02/07/1982
Granger,57612,57612,100.0,02/08/1982
Granger,57612,57612,100.0,02/09/1982
Granger,57612,57612,100.0,02/10/1982
Granger,57612,57612,100.0,02/11/1982
Granger,57612,57612,100.0,02/12/1982
Granger,57612,57612,100.0,02/13/1982
Granger,57612,57612,100.0,02/14/1982
Granger,57612,57612,100.0,02/15/1982
Granger,57612,57612,100.0,02/16/1982
Granger,57612,57612,100.0,02/17/1982
Granger,57612,57612,100.0,02/18/1982
Granger,57612,57612,100.0,02/19/1982
Granger,57612,57612,100.0,02/20/1982
Granger,57612,57612,100.0,02/21/1982
Granger,57612,57612,100.0,02/22/1982
Granger,57612,57612,100.0,02/23/1982
Granger,57612,57612,100.0,02/24/1982
Granger,57612,57612,100.0,02/25/1982
Granger,57612,57612,100.0,02/26/1982
Granger,57612,57612,100.0,02/27/1982
Granger,57612,57612,100.0,02/28/1982
Granger,57612,57612,100.0,03/01/1982
Granger,57612,57612,100.0,03/02/1982
Granger,57612,57612,100.0,03/03/1982
Granger,57612,57612,100.0,03/04/1982
Granger,57612,57612,100.0,03/05/1982
Granger,57612,57612,100.0,03/06/1982
Granger,57612,57612,100.0,03/07/1982
Granger,57612,57612,100.0,03/08/1982
Granger,57612,57612,100.0,03/09/1982
Granger,57612,57612,100.0,03/10/1982
Granger,57612,57612,100.0,03/11/1982
Granger,57612,57612,100.0,03/12/1982
Granger,57612,57612,100.0,03/13/1982
Granger,57612,57612,100.0,03/14/1982
Granger,57612,57612,100.0,03/15/1982
Granger,57612,57612,100.0,03/16/1982
Granger,57612,57612,100.0,03/17/1982
Granger,57612,57612,100.0,03/18/1982
Granger,57612,57612,100.0,03/19/1982
Granger,57612,57612,100.0,03/20/1982
Granger,57612,57612,100.0,03/21/1982
Granger,57612,57612,100.0,03/22/1982
Granger,57612,57612,100.0,03/23/1982
Granger,57612,57612,100.0,03/24/1982
Granger,57612,57612,100.0,03/25/1982
Granger,57612,57612,100.0,03/26/1982
Granger,57612,57612,100.0,03/27/1982
Granger,57612,57612,100.0,03/28/1982
Granger,57612,57612,100.0,03/29/1982
Granger,57612,57612,100.0,03/30/1982
Granger,57612,57612,100.0,03/31/1982
Granger,57612,57612,100.0,04/01/1982
Granger,57612,57612,100.0,04/02/1982
Granger,57612,57612,100.0,04/03/1982
Granger,57612,57612,100.0,04/04/1982
Granger,57612,57612,100.0,04/05/1982
Granger,57612,57612,100.0,04/06/1982
Granger,57612,57612,100.0,04/07/1982
Granger,57612,57612,100.0,04/08/1982
Granger,57612,57612,100.0,04/09/1982
Granger,57612,57612,100.0,04/10/1982
Granger,57612,57612,100.0,04/11/1982
Granger,57612,57612,100.0,04/12/1982
Granger,57612,57612,100.0,04/13/1982
Granger,57612,57612,100.0,04/14/1982
Granger,57612,57612,100.0,04/15/1982
Granger,57612,57612,100.0,04/16/1982
Granger,57612,57612,100.0,04/17/1982
Granger,57612,57612,100.0,04/18/1982
Granger,57612,57612,100.0,04/19/1982
Granger,57612,57612,100.0,04/20/1982
Granger,57612,57612,100.0,04/21/1982
Granger,57612,57612,100.0,04/22/1982
Granger,57612,57612,100.0,04/23/1982
Granger,57612,57612,100.0,04/24/1982
Granger,57612,57612,100.0,04/25/1982
Granger,57612,57612,100.0,04/26/1982
Granger,57612,57612,100.0,04/27/1982
Granger,57612,57612,100.0,04/28/1982
Granger,57612,57612,100.0,04/29/1982
Granger,57612,57612,100.0,04/30/1982
Granger,57612,57612,100.0,05/01/1982
Granger,57612,57612,100.0,05/02/1982
Granger,57612,57612,100.0,05/03/1982
Granger,57612,57612,100.0,05/04/1982
Granger,57612,57612,100.0,05/05/1982
Granger,57612,57612,100.0,05/06/1982
Granger,57612,57612,100.0,05/07/1982
Granger,57612,57612,100.0,05/08/1982
Granger,57612,57612,100.0,05/09/1982
Granger,57612,57612,100.0,05/10/1982
Granger,57612,57612,100.0,05/11/1982
Granger,57612,57612,100.0,05/12/1982
Granger,57612,57612,100.0,05/13/1982
Granger,57612,57612,100.0,05/14/1982
Granger,57612,57612,100.0,05/15/1982
Granger,57612,57612,100.0,05/16/1982
Granger,57612,57612,100.0,05/17/1982
Granger,57612,57612,100.0,05/18/1982
Granger,57612,57612,100.0,05/19/1982
Granger,57612,57612,100.0,05/20/1982
Granger,57612,57612,100.0,05/21/1982
Granger,57612,57612,100.0,05/22/1982
Granger,57612,57612,100.0,05/23/1982
Granger,57612,57612,100.0,05/24/1982
Granger,57612,57612,100.0,05/25/1982
Granger,57612,57612,100.0,05/26/1982
Granger,57612,57612,100.0,05/27/1982
Granger,57612,57612,100.0,05/28/1982
Granger,57612,57612,100.0,05/29/1982
Granger,57612,57612,100.0,05/30/1982
Granger,57612,57612,100.0,05/31/1982
Granger,57612,57612,100.0,06/01/1982
Granger,57612,57612,100.0,06/02/1982
Granger,57612,57612,100.0,06/03/1982
Granger,57612,57612,100.0,06/04/1982
Granger,57612,57612,100.0,06/05/1982
Granger,57612,57612,100.0,06/06/1982
Granger,57612,57612,100.0,06/07/1982
Granger,57612,57612,100.0,06/08/1982
Granger,57612,57612,100.0,06/09/1982
Granger,57612,57612,100.0,06/10/1982
Granger,57612,57612,100.0,06/11/1982
Granger,57612,57612,100.0,06/12/1982
Granger,57612,57612,100.0,06/13/1982
Granger,57612,57612,100.0,06/14/1982
Granger,57612,57612,100.0,06/15/1982
Granger,57612,57612,100.0,06/16/1982
Granger,57612,57612,100.0,06/17/1982
Granger,57612,57612,100.0,06/18/1982
Granger,57612,57612,100.0,06/19/1982
Granger,57612,57612,100.0,06/20/1982
Granger,57612,57612,100.0,06/21/1982
Granger,57612,57612,100.0,06/22/1982
Granger,57612,57612,100.0,06/23/1982
Granger,57612,57612,100.0,06/24/1982
Granger,57612,57612,100.0,06/25/1982
Granger,57612,57612,100.0,06/26/1982
Granger,57612,57612,100.0,06/27/1982
Granger,57612,57612,100.0,06/28/1982
Granger,57612,57612,100.0,06/29/1982
Granger,57612,57612,100.0,06/30/1982
Granger,57612,57612,100.0,07/01/1982
Granger,57612,57612,100.0,07/02/1982
Granger,57612,57612,100.0,07/03/1982
Granger,57612,57612,100.0,07/04/1982
Granger,57612,57612,100.0,07/05/1982
Granger,57612,57612,100.0,07/06/1982
Granger,57612,57612,100.0,07/07/1982
Granger,57612,57612,100.0,07/08/1982
Granger,57612,57612,100.0,07/09/1982
Granger,57612,57612,100.0,07/10/1982
Granger,57612,57612,100.0,07/11/1982
Granger,57612,57612,100.0,07/12/1982
Granger,57612,57612,100.0,07/13/1982
Granger,57612,57612,100.0,07/14/1982
Granger,57612,57612,100.0,07/15/1982
Granger,57612,57612,100.0,07/16/1982
Granger,57612,57612,100.0,07/17/1982
Granger,57612,57612,100.0,07/18/1982
Granger,57612,57612,100.0,07/19/1982
Granger,57612,57612,100.0,07/20/1982
Granger,57612,57612,100.0,07/21/1982
Granger,57612,57612,100.0,07/22/1982
Granger,57612,57612,100.0,07/23/1982
Granger,57612,57612,100.0,07/24/1982
Granger,57612,57612,100.0,07/25/1982
Granger,57612,57612,100.0,07/26/1982
Granger,57612,57612,100.0,07/27/1982
Granger,57612,57612,100.0,07/28/1982
Granger,57612,57612,100.0,07/29/1982
Granger,57612,57612,100.0,07/30/1982
Granger,57612,57612,100.0,07/31/1982
Granger,57612,57612,100.0,08/01/1982
Granger,57612,57612,100.0,08/02/1982
Granger,57612,57612,100.0,08/03/1982
Granger,57612,57612,100.0,08/04/1982
Granger,57612,57612,100.0,08/05/1982
Granger,57612,57612,100.0,08/06/1982
Granger,57612,57612,100.0,08/07/1982
Granger,57612,57612,100.0,08/08/1982
Granger,57612,57612,100.0,08/09/1982
Granger,57612,57612,100.0,08/10/1982
Granger,57612,57612,100.0,08/11/1982
Granger,57612,57612,100.0,08/12/1982
Granger,57612,57612,100.0,08/13/1982
Granger,57612,57612,100.0,08/14/1982
Granger,57612,57612,100.0,08/15/1982
Granger,57612,57612,100.0,08/16/1982
Granger,57612,57612,100.0,08/17/1982
Granger,57612,57612,100.0,08/18/1982
Granger,57612,57612,100.0,08/19/1982
Granger,57612,57612,100.0,08/20/1982
Granger,57612,57612,100.0,08/21/1982
Granger,57612,57612,100.0,08/22/1982
Granger,57612,57612,100.0,08/23/1982
Granger,57612,57612,100.0,08/24/1982
Granger,57612,57612,100.0,08/25/1982
Granger,57612,57612,100.0,08/26/1982
Granger,57612,57612,100.0,08/27/1982
Granger,57612,57612,100.0,08/28/1982
Granger,57612,57612,100.0,08/29/1982
Granger,57612,57612,100.0,08/30/1982
Granger,57612,57612,100.0,08/31/1982
Granger,57612,57612,100.0,09/01/1982
Granger,57612,57612,100.0,09/02/1982
Granger,57612,57612,100.0,09/03/1982
Granger,57612,57612,100.0,09/04/1982
Granger,57612,57612,100.0,09/05/1982
Granger,57612,57612,100.0,09/06/1982
Granger,57612,57612,100.0,09/07/1982
Granger,57612,57612,100.0,09/08/1982
Granger,57612,57612,100.0,09/09/1982
Granger,57612,57612,100.0,09/10/1982
Granger,57612,57612,100.0,09/11/1982
Granger,57612,57612,100.0,09/12/1982
Granger,57612,57612,100.0,09/13/1982
Granger,57612,57612,100.0,09/14/1982
Granger,57612,57612,100.0,09/15/1982
Granger,57612,57612,100.0,09/16/1982
Granger,57612,57612,100.0,09/17/1982
Granger,57612,57612,100.0,09/18/1982
Granger,57612,57612,100.0,09/19/1982
Granger,57612,57612,100.0,09/20/1982
Granger,57612,57612,100.0,09/21/1982
Granger,57612,57612,100.0,09/22/1982
Granger,57612,57612,100.0,09/23/1982
Granger,57612,57612,100.0,09/24/1982
Granger,57612,57612,100.0,09/25/1982
Granger,57612,57612,100.0,09/26/1982
Granger,57612,57612,100.0,09/27/1982
Granger,57612,57612,100.0,09/28/1982
Granger,57612,57612,100.0,09/29/1982
Granger,57612,57612,100.0,09/30/1982
Granger,57612,57612,100.0,10/01/1982
Granger,57612,57612,100.0,10/02/1982
Granger,57612,57612,100.0,10/03/1982
Granger,57612,57612,100.0,10/04/1982
Granger,57612,57612,100.0,10/05/1982
Granger,57612,57612,100.0,10/06/1982
Granger,57612,57612,100.0,10/07/1982
Granger,57612,57612,100.0,10/08/1982
Granger,57612,57612,100.0,10/09/1982
Granger,57612,57612,100.0,10/10/1982
Granger,57612,57612,100.0,10/11/1982
Granger,57612,57612,100.0,10/12/1982
Granger,57612,57612,100.0,10/13/1982
Granger,57612,57612,100.0,10/14/1982
Granger,57612,57612,100.0,10/15/1982
Granger,57612,57612,100.0,10/16/1982
Granger,57612,57612,100.0,10/17/1982
Granger,57612,57612,100.0,10/18/1982
Granger,57612,57612,100.0,10/19/1982
Granger,57612,57612,100.0,10/20/1982
Granger,57612,57612,100.0,10/21/1982
Granger,57612,57612,100.0,10/22/1982
Granger,57612,57612,100.0,10/23/1982
Granger,57612,57612,100.0,10/24/1982
Granger,57612,57612,100.0,10/25/1982
Granger,57612,57612,100.0,10/26/1982
Granger,57612,57612,100.0,10/27/1982
Granger,57612,57612,100.0,10/28/1982
Granger,57612,57612,100.0,10/29/1982
Granger,57612,57612,100.0,10/30/1982
Granger,57612,57612,100.0,10/31/1982
Granger,57612,57612,100.0,11/01/1982
Granger,57612,57612,100.0,11/02/1982
Granger,57612,57612,100.0,11/03/1982
Granger,57612,57612,100.0,11/04/1982
Granger,57612,57612,100.0,11/05/1982
Granger,57612,57612,100.0,11/06/1982
Granger,57612,57612,100.0,11/07/1982
Granger,57612,57612,100.0,11/08/1982
Granger,57612,57612,100.0,11/09/1982
Granger,57612,57612,100.0,11/10/1982
Granger,57612,57612,100.0,11/11/1982
Granger,57612,57612,100.0,11/12/1982
Granger,57612,57612,100.0,11/13/1982
Granger,57612,57612,100.0,11/14/1982
Granger,57612,57612,100.0,11/15/1982
Granger,57612,57612,100.0,11/16/1982
Granger,57612,57612,100.0,11/17/1982
Granger,57612,57612,100.0,11/18/1982
Granger,57612,57612,100.0,11/19/1982
Granger,57612,57612,100.0,11/20/1982
Granger,57612,57612,100.0,11/21/1982
Granger,57612,57612,100.0,11/22/1982
Granger,57612,57612,100.0,11/23/1982
Granger,57612,57612,100.0,11/24/1982
Granger,57612,57612,100.0,11/25/1982
Granger,57612,57612,100.0,11/26/1982
Granger,57612,57612,100.0,11/27/1982
Granger,57612,57612,100.0,11/28/1982
Granger,57612,57612,100.0,11/29/1982
Granger,57612,57612,100.0,11/30/1982
Granger,57612,57612,100.0,12/01/1982
Granger,57612,57612,100.0,12/02/1982
Granger,57612,57612,100.0,12/03/1982
Granger,57612,57612,100.0,12/04/1982
Granger,57612,57612,100.0,12/05/1982
Granger,57612,57612,100.0,12/06/1982
Granger,57612,57612,100.0,12/07/1982
Granger,57612,57612,100.0,12/08/1982
Granger,57612,57612,100.0,12/09/1982
Granger,57612,57612,100.0,12/10/1982
Granger,57612,57612,100.0,12/11/1982
Granger,57612,57612,100.0,12/12/1982
Granger,57612,57612,100.0,12/13/1982
Granger,57612,57612,100.0,12/14/1982
Granger,57612,57612,100.0,12/15/1982
Granger,57612,57612,100.0,12/16/1982
Granger,57612,57612,100.0,12/17/1982
Granger,57612,57612,100.0,12/18/1982
Granger,57612,57612,100.0,12/19/1982
Granger,57612,57612,100.0,12/20/1982
Granger,57612,57612,100.0,12/21/1982
Granger,57612,57612,100.0,12/22/1982
Granger,57612,57612,100.0,12/23/1982
Granger,57612,57612,100.0,12/24/1982
Granger,57612,57612,100.0,12/25/1982
Granger,57612,57612,100.0,12/26/1982
Granger,57612,57612,100.0,12/27/1982
Granger,57612,57612,100.0,12/28/1982
Granger,57612,57612,100.0,12/29/1982
Granger,57612,57612,100.0,12/30/1982
Granger,57612,57612,100.0,12/31/1982
Granger,57612,57612,100.0,01/01/1983
Granger,57612,57612,100.0,01/02/1983
Granger,57612,57612,100.0,01/03/1983
Granger,57612,57612,100.0,01/04/1983
Granger,57612,57612,100.0,01/05/1983
Granger,57612,57612,100.0,01/06/1983
Granger,57612,57612,100.0,01/07/1983
Granger,57612,57612,100.0,01/08/1983
Granger,57612,57612,100.0,01/09/1983
Granger,57612,57612,100.0,01/10/1983
Granger,57612,57612,100.0,01/11/1983
Granger,57612,57612,100.0,01/12/1983
Granger,57612,57612,100.0,01/13/1983
Granger,57612,57612,100.0,01/14/1983
Granger,57612,57612,100.0,01/15/1983
Granger,57612,57612,100.0,01/16/1983
Granger,57612,57612,100.0,01/17/1983
Granger,57612,57612,100.0,01/18/1983
Granger,57612,57612,100.0,01/19/1983
Granger,57612,57612,100.0,01/20/1983
Granger,57612,57612,100.0,01/21/1983
Granger,57612,57612,100.0,01/22/1983
Granger,57612,57612,100.0,01/23/1983
Granger,57612,57612,100.0,01/24/1983
Granger,57612,57612,100.0,01/25/1983
Granger,57612,57612,100.0,01/26/1983
Granger,57612,57612,100.0,01/27/1983
Granger,57612,57612,100.0,01/28/1983
Granger,57612,57612,100.0,01/29/1983
Granger,57612,57612,100.0,01/30/1983
Granger,57612,57612,100.0,01/31/1983
Granger,57612,57612,100.0,02/01/1983
Granger,57612,57612,100.0,02/02/1983
Granger,57612,57612,100.0,02/03/1983
Granger,57612,57612,100.0,02/04/1983
Granger,57612,57612,100.0,02/05/1983
Granger,57612,57612,100.0,02/06/1983
Granger,57612,57612,100.0,02/07/1983
Granger,57612,57612,100.0,02/08/1983
Granger,57612,57612,100.0,02/09/1983
Granger,57612,57612,100.0,02/10/1983
Granger,57612,57612,100.0,02/11/1983
Granger,57612,57612,100.0,02/12/1983
Granger,57612,57612,100.0,02/13/1983
Granger,57612,57612,100.0,02/14/1983
Granger,57612,57612,100.0,02/15/1983
Granger,57612,57612,100.0,02/16/1983
Granger,57612,57612,100.0,02/17/1983
Granger,57612,57612,100.0,02/18/1983
Granger,57612,57612,100.0,02/19/1983
Granger,57612,57612,100.0,02/20/1983
Granger,57612,57612,100.0,02/21/1983
Granger,57612,57612,100.0,02/22/1983
Granger,57612,57612,100.0,02/23/1983
Granger,57612,57612,100.0,02/24/1983
Granger,57612,57612,100.0,02/25/1983
Granger,57612,57612,100.0,02/26/1983
Granger,57612,57612,100.0,02/27/1983
Granger,57612,57612,100.0,02/28/1983
Granger,57612,57612,100.0,03/01/1983
Granger,57612,57612,100.0,03/02/1983
Granger,57612,57612,100.0,03/03/1983
Granger,57612,57612,100.0,03/04/1983
Granger,57612,57612,100.0,03/05/1983
Granger,57612,57612,100.0,03/06/1983
Granger,57612,57612,100.0,03/07/1983
Granger,57612,57612,100.0,03/08/1983
Granger,57612,57612,100.0,03/09/1983
Granger,57612,57612,100.0,03/10/1983
Granger,57612,57612,100.0,03/11/1983
Granger,57612,57612,100.0,03/12/1983
Granger,57612,57612,100.0,03/13/1983
Granger,57612,57612,100.0,03/14/1983
Granger,57612,57612,100.0,03/15/1983
Granger,57612,57612,100.0,03/16/1983
Granger,57612,57612,100.0,03/17/1983
Granger,57612,57612,100.0,03/18/1983
Granger,57612,57612,100.0,03/19/1983
Granger,57612,57612,100.0,03/20/1983
Granger,57612,57612,100.0,03/21/1983
Granger,57612,57612,100.0,03/22/1983
Granger,57612,57612,100.0,03/23/1983
Granger,57612,57612,100.0,03/24/1983
Granger,57612,57612,100.0,03/25/1983
Granger,57612,57612,100.0,03/26/1983
Granger,57612,57612,100.0,03/27/1983
Granger,57612,57612,100.0,03/28/1983
Granger,57612,57612,100.0,03/29/1983
Granger,57612,57612,100.0,03/30/1983
Granger,57612,57612,100.0,03/31/1983
Granger,57612,57612,100.0,04/01/1983
Granger,57612,57612,100.0,04/02/1983
Granger,57612,57612,100.0,04/03/1983
Granger,57612,57612,100.0,04/04/1983
Granger,57612,57612,100.0,04/05/1983
Granger,57612,57612,100.0,04/06/1983
Granger,57612,57612,100.0,04/07/1983
Granger,57612,57612,100.0,04/08/1983
Granger,57612,57612,100.0,04/09/1983
Granger,57612,57612,100.0,04/10/1983
Granger,57612,57612,100.0,04/11/1983
Granger,57612,57612,100.0,04/12/1983
Granger,57612,57612,100.0,04/13/1983
Granger,57612,57612,100.0,04/14/1983
Granger,57612,57612,100.0,04/15/1983
Granger,57612,57612,100.0,04/16/1983
Granger,57612,57612,100.0,04/17/1983
Granger,57612,57612,100.0,04/18/1983
Granger,57612,57612,100.0,04/19/1983
Granger,57612,57612,100.0,04/20/1983
Granger,57612,57612,100.0,04/21/1983
Granger,57612,57612,100.0,04/22/1983
Granger,57612,57612,100.0,04/23/1983
Granger,57612,57612,100.0,04/24/1983
Granger,57612,57612,100.0,04/25/1983
Granger,57612,57612,100.0,04/26/1983
Granger,57612,57612,100.0,04/27/1983
Granger,57612,57612,100.0,04/28/1983
Granger,57612,57612,100.0,04/29/1983
Granger,57612,57612,100.0,04/30/1983
Granger,57612,57612,100.0,05/01/1983
Granger,57612,57612,100.0,05/02/1983
Granger,57612,57612,100.0,05/03/1983
Granger,57612,57612,100.0,05/04/1983
Granger,57612,57612,100.0,05/05/1983
Granger,57612,57612,100.0,05/06/1983
Granger,57612,57612,100.0,05/07/1983
Granger,57612,57612,100.0,05/08/1983
Granger,57612,57612,100.0,05/09/1983
Granger,57612,57612,100.0,05/10/1983
Granger,57612,57612,100.0,05/11/1983
Granger,57612,57612,100.0,05/12/1983
Granger,57612,57612,100.0,05/13/1983
Granger,57612,57612,100.0,05/14/1983
Granger,57612,57612,100.0,05/15/1983
Granger,57612,57612,100.0,05/16/1983
Granger,57612,57612,100.0,05/17/1983
Granger,57612,57612,100.0,05/18/1983
Granger,57612,57612,100.0,05/19/1983
Granger,57612,57612,100.0,05/20/1983
Granger,57612,57612,100.0,05/21/1983
Granger,57612,57612,100.0,05/22/1983
Granger,57612,57612,100.0,05/23/1983
Granger,57612,57612,100.0,05/24/1983
Granger,57612,57612,100.0,05/25/1983
Granger,57612,57612,100.0,05/26/1983
Granger,57612,57612,100.0,05/27/1983
Granger,57612,57612,100.0,05/28/1983
Granger,57612,57612,100.0,05/29/1983
Granger,57612,57612,100.0,05/30/1983
Granger,57612,57612,100.0,05/31/1983
Granger,57612,57612,100.0,06/01/1983
Granger,57612,57612,100.0,06/02/1983
Granger,57612,57612,100.0,06/03/1983
Granger,57612,57612,100.0,06/04/1983
Granger,57612,57612,100.0,06/05/1983
Granger,57612,57612,100.0,06/06/1983
Granger,57612,57612,100.0,06/07/1983
Granger,57612,57612,100.0,06/08/1983
Granger,57612,57612,100.0,06/09/1983
Granger,57612,57612,100.0,06/10/1983
Granger,57612,57612,100.0,06/11/1983
Granger,57612,57612,100.0,06/12/1983
Granger,57612,57612,100.0,06/13/1983
Granger,57612,57612,100.0,06/14/1983
Granger,57612,57612,100.0,06/15/1983
Granger,57612,57612,100.0,06/16/1983
Granger,57612,57612,100.0,06/17/1983
Granger,57612,57612,100.0,06/18/1983
Granger,57612,57612,100.0,06/19/1983
Granger,57612,57612,100.0,06/20/1983
Granger,57612,57612,100.0,06/21/1983
Granger,57612,57612,100.0,06/22/1983
Granger,57612,57612,100.0,06/23/1983
Granger,57612,57612,100.0,06/24/1983
Granger,57612,57612,100.0,06/25/1983
Granger,57612,57612,100.0,06/26/1983
Granger,57612,57612,100.0,06/27/1983
Granger,57612,57612,100.0,06/28/1983
Granger,57612,57612,100.0,06/29/1983
Granger,57612,57612,100.0,06/30/1983
Granger,57612,57612,100.0,07/01/1983
Granger,57612,57612,100.0,07/02/1983
Granger,57612,57612,100.0,07/03/1983
Granger,57612,57612,100.0,07/04/1983
Granger,57612,57612,100.0,07/05/1983
Granger,57612,57612,100.0,07/06/1983
Granger,57612,57612,100.0,07/07/1983
Granger,57612,57612,100.0,07/08/1983
Granger,57612,57612,100.0,07/09/1983
Granger,57612,57612,100.0,07/10/1983
Granger,57612,57612,100.0,07/11/1983
Granger,57612,57612,100.0,07/12/1983
Granger,57612,57612,100.0,07/13/1983
Granger,57612,57612,100.0,07/14/1983
Granger,57612,57612,100.0,07/15/1983
Granger,57612,57612,100.0,07/16/1983
Granger,57612,57612,100.0,07/17/1983
Granger,57612,57612,100.0,07/18/1983
Granger,57612,57612,100.0,07/19/1983
Granger,57612,57612,100.0,07/20/1983
Granger,57612,57612,100.0,07/21/1983
Granger,57612,57612,100.0,07/22/1983
Granger,57612,57612,100.0,07/23/1983
Granger,57612,57612,100.0,07/24/1983
Granger,57612,57612,100.0,07/25/1983
Granger,57612,57612,100.0,07/26/1983
Granger,57612,57612,100.0,07/27/1983
Granger,57612,57612,100.0,07/28/1983
Granger,57612,57612,100.0,07/29/1983
Granger,57612,57612,100.0,07/30/1983
Granger,57612,57612,100.0,07/31/1983
Granger,57612,57612,100.0,08/01/1983
Granger,57612,57612,100.0,08/02/1983
Granger,57612,57612,100.0,08/03/1983
Granger,57612,57612,100.0,08/04/1983
Granger,57612,57612,100.0,08/05/1983
Granger,57612,57612,100.0,08/06/1983
Granger,57612,57612,100.0,08/07/1983
Granger,57612,57612,100.0,08/08/1983
Granger,57612,57612,100.0,08/09/1983
Granger,57612,57612,100.0,08/10/1983
Granger,57612,57612,100.0,08/11/1983
Granger,57612,57612,100.0,08/12/1983
Granger,57612,57612,100.0,08/13/1983
Granger,57612,57612,100.0,08/14/1983
Granger,57612,57612,100.0,08/15/1983
Granger,57612,57612,100.0,08/16/1983
Granger,57612,57612,100.0,08/17/1983
Granger,57612,57612,100.0,08/18/1983
Granger,57612,57612,100.0,08/19/1983
Granger,57612,57612,100.0,08/20/1983
Granger,57612,57612,100.0,08/21/1983
Granger,57612,57612,100.0,08/22/1983
Granger,57612,57612,100.0,08/23/1983
Granger,57612,57612,100.0,08/24/1983
Granger,57612,57612,100.0,08/25/1983
Granger,57612,57612,100.0,08/26/1983
Granger,57612,57612,100.0,08/27/1983
Granger,57612,57612,100.0,08/28/1983
Granger,57612,57612,100.0,08/29/1983
Granger,57612,57612,100.0,08/30/1983
Granger,57612,57612,100.0,08/31/1983
Granger,57612,57612,100.0,09/01/1983
Granger,57612,57612,100.0,09/02/1983
Granger,57612,57612,100.0,09/03/1983
Granger,57612,57612,100.0,09/04/1983
Granger,57612,57612,100.0,09/05/1983
Granger,57612,57612,100.0,09/06/1983
Granger,57612,57612,100.0,09/07/1983
Granger,57612,57612,100.0,09/08/1983
Granger,57612,57612,100.0,09/09/1983
Granger,57612,57612,100.0,09/10/1983
Granger,57612,57612,100.0,09/11/1983
Granger,57612,57612,100.0,09/12/1983
Granger,57612,57612,100.0,09/13/1983
Granger,57612,57612,100.0,09/14/1983
Granger,57612,57612,100.0,09/15/1983
Granger,57612,57612,100.0,09/16/1983
Granger,57612,57612,100.0,09/17/1983
Granger,57612,57612,100.0,09/18/1983
Granger,57612,57612,100.0,09/19/1983
Granger,57612,57612,100.0,09/20/1983
Granger,57612,57612,100.0,09/21/1983
Granger,57612,57612,100.0,09/22/1983
Granger,57612,57612,100.0,09/23/1983
Granger,57612,57612,100.0,09/24/1983
Granger,57612,57612,100.0,09/25/1983
Granger,57612,57612,100.0,09/26/1983
Granger,57612,57612,100.0,09/27/1983
Granger,57612,57612,100.0,09/28/1983
Granger,57612,57612,100.0,09/29/1983
Granger,57612,57612,100.0,09/30/1983
Granger,57612,57612,100.0,10/01/1983
Granger,57612,57612,100.0,10/02/1983
Granger,57612,57612,100.0,10/03/1983
Granger,57612,57612,100.0,10/04/1983
Granger,57612,57612,100.0,10/05/1983
Granger,57612,57612,100.0,10/06/1983
Granger,57612,57612,100.0,10/07/1983
Granger,57612,57612,100.0,10/08/1983
Granger,57612,57612,100.0,10/09/1983
Granger,57612,57612,100.0,10/10/1983
Granger,57612,57612,100.0,10/11/1983
Granger,57612,57612,100.0,10/12/1983
Granger,57612,57612,100.0,10/13/1983
Granger,57612,57612,100.0,10/14/1983
Granger,57612,57612,100.0,10/15/1983
Granger,57612,57612,100.0,10/16/1983
Granger,57612,57612,100.0,10/17/1983
Granger,57612,57612,100.0,10/18/1983
Granger,57612,57612,100.0,10/19/1983
Granger,57612,57612,100.0,10/20/1983
Granger,57612,57612,100.0,10/21/1983
Granger,57612,57612,100.0,10/22/1983
Granger,57612,57612,100.0,10/23/1983
Granger,57612,57612,100.0,10/24/1983
Granger,57612,57612,100.0,10/25/1983
Granger,57612,57612,100.0,10/26/1983
Granger,57612,57612,100.0,10/27/1983
Granger,57612,57612,100.0,10/28/1983
Granger,57612,57612,100.0,10/29/1983
Granger,57612,57612,100.0,10/30/1983
Granger,57612,57612,100.0,10/31/1983
Granger,57612,57612,100.0,11/01/1983
Granger,57612,57612,100.0,11/02/1983
Granger,57612,57612,100.0,11/03/1983
Granger,57612,57612,100.0,11/04/1983
Granger,57612,57612,100.0,11/05/1983
Granger,57612,57612,100.0,11/06/1983
Granger,57612,57612,100.0,11/07/1983
Granger,57612,57612,100.0,11/08/1983
Granger,57612,57612,100.0,11/09/1983
Granger,57612,57612,100.0,11/10/1983
Granger,57612,57612,100.0,11/11/1983
Granger,57612,57612,100.0,11/12/1983
Granger,57612,57612,100.0,11/13/1983
Granger,57612,57612,100.0,11/14/1983
Granger,57612,57612,100.0,11/15/1983
Granger,57612,57612,100.0,11/16/1983
Granger,57612,57612,100.0,11/17/1983
Granger,57612,57612,100.0,11/18/1983
Granger,57612,57612,100.0,11/19/1983
Granger,57612,57612,100.0,11/20/1983
Granger,57612,57612,100.0,11/21/1983
Granger,57612,57612,100.0,11/22/1983
Granger,57612,57612,100.0,11/23/1983
Granger,57612,57612,100.0,11/24/1983
Granger,57612,57612,100.0,11/25/1983
Granger,57612,57612,100.0,11/26/1983
Granger,57612,57612,100.0,11/27/1983
Granger,57612,57612,100.0,11/28/1983
Granger,57612,57612,100.0,11/29/1983
Granger,57612,57612,100.0,11/30/1983
Granger,57612,57612,100.0,12/01/1983
Granger,57612,57612,100.0,12/02/1983
Granger,57612,57612,100.0,12/03/1983
Granger,57612,57612,100.0,12/04/1983
Granger,57612,57612,100.0,12/05/1983
Granger,57612,57612,100.0,12/06/1983
Granger,57612,57612,100.0,12/07/1983
Granger,57612,57612,100.0,12/08/1983
Granger,57612,57612,100.0,12/09/1983
Granger,57612,57612,100.0,12/10/1983
Granger,57612,57612,100.0,12/11/1983
Granger,57612,57612,100.0,12/12/1983
Granger,57612,57612,100.0,12/13/1983
Granger,57612,57612,100.0,12/14/1983
Granger,57612,57612,100.0,12/15/1983
Granger,57612,57612,100.0,12/16/1983
Granger,57612,57612,100.0,12/17/1983
Granger,57612,57612,100.0,12/18/1983
Granger,57612,57612,100.0,12/19/1983
Granger,57612,57612,100.0,12/20/1983
Granger,57612,57612,100.0,12/21/1983
Granger,57612,57612,100.0,12/22/1983
Granger,57612,57612,100.0,12/23/1983
Granger,57612,57612,100.0,12/24/1983
Granger,57612,57612,100.0,12/25/1983
Granger,57612,57612,100.0,12/26/1983
Granger,57612,57612,100.0,12/27/1983
Granger,57612,57612,100.0,12/28/1983
Granger,57612,57612,100.0,12/29/1983
Granger,57612,57612,100.0,12/30/1983
Granger,57612,57612,100.0,12/31/1983
Granger,57612,57612,100.0,01/01/1984
Granger,57612,57612,100.0,01/02/1984
Granger,57612,57612,100.0,01/03/1984
Granger,57612,57612,100.0,01/04/1984
Granger,57612,57612,100.0,01/05/1984
Granger,57612,57612,100.0,01/06/1984
Granger,57612,57612,100.0,01/07/1984
Granger,57612,57612,100.0,01/08/1984
Granger,57612,57612,100.0,01/09/1984
Granger,57612,57612,100.0,01/10/1984
Granger,57612,57612,100.0,01/11/1984
Granger,57612,57612,100.0,01/12/1984
Granger,57612,57612,100.0,01/13/1984
Granger,57612,57612,100.0,01/14/1984
Granger,57612,57612,100.0,01/15/1984
Granger,57612,57612,100.0,01/16/1984
Granger,57612,57612,100.0,01/17/1984
Granger,57612,57612,100.0,01/18/1984
Granger,57612,57612,100.0,01/19/1984
Granger,57612,57612,100.0,01/20/1984
Granger,57612,57612,100.0,01/21/1984
Granger,57612,57612,100.0,01/22/1984
Granger,57612,57612,100.0,01/23/1984
Granger,57612,57612,100.0,01/24/1984
Granger,57612,57612,100.0,01/25/1984
Granger,57612,57612,100.0,01/26/1984
Granger,57612,57612,100.0,01/27/1984
Granger,57612,57612,100.0,01/28/1984
Granger,57612,57612,100.0,01/29/1984
Granger,57612,57612,100.0,01/30/1984
Granger,57612,57612,100.0,01/31/1984
Granger,57612,57612,100.0,02/01/1984
Granger,57612,57612,100.0,02/02/1984
Granger,57612,57612,100.0,02/03/1984
Granger,57612,57612,100.0,02/04/1984
Granger,57612,57612,100.0,02/05/1984
Granger,57612,57612,100.0,02/06/1984
Granger,57612,57612,100.0,02/07/1984
Granger,57612,57612,100.0,02/08/1984
Granger,57612,57612,100.0,02/09/1984
Granger,57612,57612,100.0,02/10/1984
Granger,57612,57612,100.0,02/11/1984
Granger,57612,57612,100.0,02/12/1984
Granger,57612,57612,100.0,02/13/1984
Granger,57612,57612,100.0,02/14/1984
Granger,57612,57612,100.0,02/15/1984
Granger,57612,57612,100.0,02/16/1984
Granger,57612,57612,100.0,02/17/1984
Granger,57612,57612,100.0,02/18/1984
Granger,57612,57612,100.0,02/19/1984
Granger,57612,57612,100.0,02/20/1984
Granger,57612,57612,100.0,02/21/1984
Granger,57612,57612,100.0,02/22/1984
Granger,57612,57612,100.0,02/23/1984
Granger,57612,57612,100.0,02/24/1984
Granger,57612,57612,100.0,02/25/1984
Granger,57612,57612,100.0,02/26/1984
Granger,57612,57612,100.0,02/27/1984
Granger,57612,57612,100.0,02/28/1984
Granger,57612,57612,100.0,02/29/1984
Granger,57612,57612,100.0,03/01/1984
Granger,57612,57612,100.0,03/02/1984
Granger,57612,57612,100.0,03/03/1984
Granger,57612,57612,100.0,03/04/1984
Granger,57612,57612,100.0,03/05/1984
Granger,57612,57612,100.0,03/06/1984
Granger,57612,57612,100.0,03/07/1984
Granger,57612,57612,100.0,03/08/1984
Granger,57612,57612,100.0,03/09/1984
Granger,57612,57612,100.0,03/10/1984
Granger,57612,57612,100.0,03/11/1984
Granger,57612,57612,100.0,03/12/1984
Granger,57612,57612,100.0,03/13/1984
Granger,57612,57612,100.0,03/14/1984
Granger,57612,57612,100.0,03/15/1984
Granger,57612,57612,100.0,03/16/1984
Granger,57612,57612,100.0,03/17/1984
Granger,57612,57612,100.0,03/18/1984
Granger,57612,57612,100.0,03/19/1984
Granger,57612,57612,100.0,03/20/1984
Granger,57612,57612,100.0,03/21/1984
Granger,57612,57612,100.0,03/22/1984
Granger,57612,57612,100.0,03/23/1984
Granger,57612,57612,100.0,03/24/1984
Granger,57612,57612,100.0,03/25/1984
Granger,57612,57612,100.0,03/26/1984
Granger,57612,57612,100.0,03/27/1984
Granger,57612,57612,100.0,03/28/1984
Granger,57612,57612,100.0,03/29/1984
Granger,57612,57612,100.0,03/30/1984
Granger,57612,57612,100.0,03/31/1984
Granger,57612,57612,100.0,04/01/1984
Granger,57612,57612,100.0,04/02/1984
Granger,57612,57612,100.0,04/03/1984
Granger,57612,57612,100.0,04/04/1984
Granger,57612,57612,100.0,04/05/1984
Granger,57612,57612,100.0,04/06/1984
Granger,57612,57612,100.0,04/07/1984
Granger,57612,57612,100.0,04/08/1984
Granger,57612,57612,100.0,04/09/1984
Granger,57612,57612,100.0,04/10/1984
Granger,57612,57612,100.0,04/11/1984
Granger,57612,57612,100.0,04/12/1984
Granger,57612,57612,100.0,04/13/1984
Granger,57612,57612,100.0,04/14/1984
Granger,57612,57612,100.0,04/15/1984
Granger,57612,57612,100.0,04/16/1984
Granger,57612,57612,100.0,04/17/1984
Granger,57612,57612,100.0,04/18/1984
Granger,57612,57612,100.0,04/19/1984
Granger,57612,57612,100.0,04/20/1984
Granger,57612,57612,100.0,04/21/1984
Granger,57612,57612,100.0,04/22/1984
Granger,57612,57612,100.0,04/23/1984
Granger,57612,57612,100.0,04/24/1984
Granger,57612,57612,100.0,04/25/1984
Granger,57612,57612,100.0,04/26/1984
Granger,57612,57612,100.0,04/27/1984
Granger,57612,57612,100.0,04/28/1984
Granger,57612,57612,100.0,04/29/1984
Granger,57612,57612,100.0,04/30/1984
Granger,57612,57612,100.0,05/01/1984
Granger,57612,57612,100.0,05/02/1984
Granger,57612,57612,100.0,05/03/1984
Granger,57612,57612,100.0,05/04/1984
Granger,57612,57612,100.0,05/05/1984
Granger,57612,57612,100.0,05/06/1984
Granger,57612,57612,100.0,05/07/1984
Granger,57612,57612,100.0,05/08/1984
Granger,57612,57612,100.0,05/09/1984
Granger,57612,57612,100.0,05/10/1984
Granger,57612,57612,100.0,05/11/1984
Granger,57612,57612,100.0,05/12/1984
Granger,57612,57612,100.0,05/13/1984
Granger,57612,57612,100.0,05/14/1984
Granger,57612,57612,100.0,05/15/1984
Granger,57612,57612,100.0,05/16/1984
Granger,57612,57612,100.0,05/17/1984
Granger,57612,57612,100.0,05/18/1984
Granger,57612,57612,100.0,05/19/1984
Granger,57612,57612,100.0,05/20/1984
Granger,57612,57612,100.0,05/21/1984
Granger,57612,57612,100.0,05/22/1984
Granger,57612,57612,100.0,05/23/1984
Granger,57612,57612,100.0,05/24/1984
Granger,57612,57612,100.0,05/25/1984
Granger,57612,57612,100.0,05/26/1984
Granger,57612,57612,100.0,05/27/1984
Granger,57612,57612,100.0,05/28/1984
Granger,57612,57612,100.0,05/29/1984
Granger,57612,57612,100.0,05/30/1984
Granger,57612,57612,100.0,05/31/1984
Granger,57612,57612,100.0,06/01/1984
Granger,57612,57612,100.0,06/02/1984
Granger,57612,57612,100.0,06/03/1984
Granger,57612,57612,100.0,06/04/1984
Granger,57612,57612,100.0,06/05/1984
Granger,57612,57612,100.0,06/06/1984
Granger,57612,57612,100.0,06/07/1984
Granger,57612,57612,100.0,06/08/1984
Granger,57612,57612,100.0,06/09/1984
Granger,57612,57612,100.0,06/10/1984
Granger,57612,57612,100.0,06/11/1984
Granger,57612,57612,100.0,06/12/1984
Granger,57612,57612,100.0,06/13/1984
Granger,57612,57612,100.0,06/14/1984
Granger,57612,57612,100.0,06/15/1984
Granger,57612,57612,100.0,06/16/1984
Granger,57612,57612,100.0,06/17/1984
Granger,55970,57612,97.1,06/18/1984
Granger,54390,57612,94.4,06/19/1984
Granger,52880,57612,91.8,06/20/1984
Granger,51280,57612,89.0,06/21/1984
Granger,49890,57612,86.6,06/22/1984
Granger,48970,57612,85.0,06/23/1984
Granger,48940,57612,84.9,06/24/1984
Granger,48900,57612,84.9,06/25/1984
Granger,48870,57612,84.8,06/26/1984
Granger,48840,57612,84.8,06/27/1984
Granger,48770,57612,84.7,06/28/1984
Granger,48940,57612,84.9,06/29/1984
Granger,49110,57612,85.2,06/30/1984
Granger,49140,57612,85.3,07/01/1984
Granger,49140,57612,85.3,07/02/1984
Granger,49140,57612,85.3,07/03/1984
Granger,49070,57612,85.2,07/04/1984
Granger,49040,57612,85.1,07/05/1984
Granger,48970,57612,85.0,07/06/1984
Granger,48940,57612,84.9,07/07/1984
Granger,48870,57612,84.8,07/08/1984
Granger,48840,57612,84.8,07/09/1984
Granger,48740,57612,84.6,07/10/1984
Granger,48670,57612,84.5,07/11/1984
Granger,48600,57612,84.4,07/12/1984
Granger,48570,57612,84.3,07/13/1984
Granger,48470,57612,84.1,07/14/1984
Granger,48360,57612,83.9,07/15/1984
Granger,48300,57612,83.8,07/16/1984
Granger,48230,57612,83.7,07/17/1984
Granger,48130,57612,83.5,07/18/1984
Granger,48100,57612,83.5,07/19/1984
Granger,48030,57612,83.4,07/20/1984
Granger,48000,57612,83.3,07/21/1984
Granger,47930,57612,83.2,07/22/1984
Granger,47860,57612,83.1,07/23/1984
Granger,47830,57612,83.0,07/24/1984
Granger,48160,57612,83.6,07/25/1984
Granger,48200,57612,83.7,07/26/1984
Granger,48160,57612,83.6,07/27/1984
Granger,48130,57612,83.5,07/28/1984
Granger,48200,57612,83.7,07/29/1984
Granger,48130,57612,83.5,07/30/1984
Granger,48100,57612,83.5,07/31/1984
Granger,48030,57612,83.4,08/01/1984
Granger,48000,57612,83.3,08/02/1984
Granger,47960,57612,83.2,08/03/1984
Granger,47930,57612,83.2,08/04/1984
Granger,47930,57612,83.2,08/05/1984
Granger,47860,57612,83.1,08/06/1984
Granger,47800,57612,83.0,08/07/1984
Granger,47730,57612,82.8,08/08/1984
Granger,47700,57612,82.8,08/09/1984
Granger,47630,57612,82.7,08/10/1984
Granger,47600,57612,82.6,08/11/1984
Granger,47530,57612,82.5,08/12/1984
Granger,47700,57612,82.8,08/13/1984
Granger,47730,57612,82.8,08/14/1984
Granger,47700,57612,82.8,08/15/1984
Granger,47660,57612,82.7,08/16/1984
Granger,47630,57612,82.7,08/17/1984
Granger,47560,57612,82.6,08/18/1984
Granger,47530,57612,82.5,08/19/1984
Granger,47460,57612,82.4,08/20/1984
Granger,47400,57612,82.3,08/21/1984
Granger,47300,57612,82.1,08/22/1984
Granger,47230,57612,82.0,08/23/1984
Granger,47170,57612,81.9,08/24/1984
Granger,47100,57612,81.8,08/25/1984
Granger,47070,57612,81.7,08/26/1984
Granger,47040,57612,81.6,08/27/1984
Granger,46970,57612,81.5,08/28/1984
Granger,46900,57612,81.4,08/29/1984
Granger,46840,57612,81.3,08/30/1984
Granger,46770,57612,81.2,08/31/1984
Granger,46740,57612,81.1,09/01/1984
Granger,46670,57612,81.0,09/02/1984
Granger,46610,57612,80.9,09/03/1984
Granger,46840,57612,81.3,09/04/1984
Granger,46770,57612,81.2,09/05/1984
Granger,46670,57612,81.0,09/06/1984
Granger,46610,57612,80.9,09/07/1984
Granger,46570,57612,80.8,09/08/1984
Granger,46510,57612,80.7,09/09/1984
Granger,46440,57612,80.6,09/10/1984
Granger,46410,57612,80.6,09/11/1984
Granger,46340,57612,80.4,09/12/1984
Granger,46280,57612,80.3,09/13/1984
Granger,46220,57612,80.2,09/14/1984
Granger,46180,57612,80.2,09/15/1984
Granger,46020,57612,79.9,09/16/1984
Granger,45920,57612,79.7,09/17/1984
Granger,45820,57612,79.5,09/18/1984
Granger,45760,57612,79.4,09/19/1984
Granger,45700,57612,79.3,09/20/1984
Granger,45700,57612,79.3,09/21/1984
Granger,45730,57612,79.4,09/22/1984
Granger,45700,57612,79.3,09/23/1984
Granger,45700,57612,79.3,09/24/1984
Granger,45660,57612,79.3,09/25/1984
Granger,45600,57612,79.2,09/26/1984
Granger,45570,57612,79.1,09/27/1984
Granger,45440,57612,78.9,09/28/1984
Granger,45410,57612,78.8,09/29/1984
Granger,45340,57612,78.7,09/30/1984
Granger,45310,57612,78.6,10/01/1984
Granger,45240,57612,78.5,10/02/1984
Granger,45210,57612,78.5,10/03/1984
Granger,45210,57612,78.5,10/04/1984
Granger,45180,57612,78.4,10/05/1984
Granger,45150,57612,78.4,10/06/1984
Granger,45120,57612,78.3,10/07/1984
Granger,45760,57612,79.4,10/08/1984
Granger,45790,57612,79.5,10/09/1984
Granger,45860,57612,79.6,10/10/1984
Granger,45860,57612,79.6,10/11/1984
Granger,46480,57612,80.7,10/12/1984
Granger,46940,57612,81.5,10/13/1984
Granger,47330,57612,82.2,10/14/1984
Granger,48360,57612,83.9,10/15/1984
Granger,48740,57612,84.6,10/16/1984
Granger,48840,57612,84.8,10/17/1984
Granger,48840,57612,84.8,10/18/1984
Granger,48800,57612,84.7,10/19/1984
Granger,48800,57612,84.7,10/20/1984
Granger,57612,57612,100.0,10/21/1984
Granger,57612,57612,100.0,10/22/1984
Granger,57612,57612,100.0,10/23/1984
Granger,57612,57612,100.0,10/24/1984
Granger,57612,57612,100.0,10/25/1984
Granger,57612,57612,100.0,10/26/1984
Granger,57612,57612,100.0,10/27/1984
Granger,57612,57612,100.0,10/28/1984
Granger,57612,57612,100.0,10/29/1984
Granger,57612,57612,100.0,10/30/1984
Granger,57612,57612,100.0,10/31/1984
Granger,57612,57612,100.0,11/01/1984
Granger,57612,57612,100.0,11/02/1984
Granger,57612,57612,100.0,11/03/1984
Granger,57612,57612,100.0,11/04/1984
Granger,57612,57612,100.0,11/05/1984
Granger,57612,57612,100.0,11/06/1984
Granger,57612,57612,100.0,11/07/1984
Granger,57612,57612,100.0,11/08/1984
Granger,57612,57612,100.0,11/09/1984
Granger,57612,57612,100.0,11/10/1984
Granger,57612,57612,100.0,11/11/1984
Granger,57612,57612,100.0,11/12/1984
Granger,57612,57612,100.0,11/13/1984
Granger,57612,57612,100.0,11/14/1984
Granger,57612,57612,100.0,11/15/1984
Granger,57612,57612,100.0,11/16/1984
Granger,57612,57612,100.0,11/17/1984
Granger,57612,57612,100.0,11/18/1984
Granger,57612,57612,100.0,11/19/1984
Granger,57612,57612,100.0,11/20/1984
Granger,57612,57612,100.0,11/21/1984
Granger,57612,57612,100.0,11/22/1984
Granger,57612,57612,100.0,11/23/1984
Granger,57612,57612,100.0,11/24/1984
Granger,57612,57612,100.0,11/25/1984
Granger,57612,57612,100.0,11/26/1984
Granger,57612,57612,100.0,11/27/1984
Granger,57612,57612,100.0,11/28/1984
Granger,57612,57612,100.0,11/29/1984
Granger,57612,57612,100.0,11/30/1984
Granger,57612,57612,100.0,12/01/1984
Granger,57612,57612,100.0,12/02/1984
Granger,57612,57612,100.0,12/03/1984
Granger,57612,57612,100.0,12/04/1984
Granger,57612,57612,100.0,12/05/1984
Granger,57612,57612,100.0,12/06/1984
Granger,57612,57612,100.0,12/07/1984
Granger,57612,57612,100.0,12/08/1984
Granger,57612,57612,100.0,12/09/1984
Granger,57612,57612,100.0,12/10/1984
Granger,57612,57612,100.0,12/11/1984
Granger,57612,57612,100.0,12/12/1984
Granger,57612,57612,100.0,12/13/1984
Granger,57612,57612,100.0,12/14/1984
Granger,57612,57612,100.0,12/15/1984
Granger,57612,57612,100.0,12/16/1984
Granger,57612,57612,100.0,12/17/1984
Granger,57612,57612,100.0,12/18/1984
Granger,57612,57612,100.0,12/19/1984
Granger,57612,57612,100.0,12/20/1984
Granger,57612,57612,100.0,12/21/1984
Granger,57612,57612,100.0,12/22/1984
Granger,57612,57612,100.0,12/23/1984
Granger,57612,57612,100.0,12/24/1984
Granger,57612,57612,100.0,12/25/1984
Granger,57612,57612,100.0,12/26/1984
Granger,57612,57612,100.0,12/27/1984
Granger,57612,57612,100.0,12/28/1984
Granger,57612,57612,100.0,12/29/1984
Granger,57612,57612,100.0,12/30/1984
Granger,57612,57612,100.0,12/31/1984
Granger,57612,57612,100.0,01/01/1985
Granger,57612,57612,100.0,01/02/1985
Granger,57612,57612,100.0,01/03/1985
Granger,57612,57612,100.0,01/04/1985
Granger,57612,57612,100.0,01/05/1985
Granger,57612,57612,100.0,01/06/1985
Granger,57612,57612,100.0,01/07/1985
Granger,57612,57612,100.0,01/08/1985
Granger,57612,57612,100.0,01/09/1985
Granger,57612,57612,100.0,01/10/1985
Granger,57612,57612,100.0,01/11/1985
Granger,57612,57612,100.0,01/12/1985
Granger,57612,57612,100.0,01/13/1985
Granger,57612,57612,100.0,01/14/1985
Granger,57612,57612,100.0,01/15/1985
Granger,57612,57612,100.0,01/16/1985
Granger,57612,57612,100.0,01/17/1985
Granger,57612,57612,100.0,01/18/1985
Granger,57612,57612,100.0,01/19/1985
Granger,57612,57612,100.0,01/20/1985
Granger,57612,57612,100.0,01/21/1985
Granger,57612,57612,100.0,01/22/1985
Granger,57612,57612,100.0,01/23/1985
Granger,57612,57612,100.0,01/24/1985
Granger,57612,57612,100.0,01/25/1985
Granger,57612,57612,100.0,01/26/1985
Granger,57612,57612,100.0,01/27/1985
Granger,57612,57612,100.0,01/28/1985
Granger,57612,57612,100.0,01/29/1985
Granger,57612,57612,100.0,01/30/1985
Granger,57612,57612,100.0,01/31/1985
Granger,57612,57612,100.0,02/01/1985
Granger,57612,57612,100.0,02/02/1985
Granger,57612,57612,100.0,02/03/1985
Granger,57612,57612,100.0,02/04/1985
Granger,57612,57612,100.0,02/05/1985
Granger,57612,57612,100.0,02/06/1985
Granger,57612,57612,100.0,02/07/1985
Granger,57612,57612,100.0,02/08/1985
Granger,57612,57612,100.0,02/09/1985
Granger,57612,57612,100.0,02/10/1985
Granger,57612,57612,100.0,02/11/1985
Granger,57612,57612,100.0,02/12/1985
Granger,57612,57612,100.0,02/13/1985
Granger,57612,57612,100.0,02/14/1985
Granger,57612,57612,100.0,02/15/1985
Granger,57612,57612,100.0,02/16/1985
Granger,57612,57612,100.0,02/17/1985
Granger,57612,57612,100.0,02/18/1985
Granger,57612,57612,100.0,02/19/1985
Granger,57612,57612,100.0,02/20/1985
Granger,57612,57612,100.0,02/21/1985
Granger,57612,57612,100.0,02/22/1985
Granger,57612,57612,100.0,02/23/1985
Granger,57612,57612,100.0,02/24/1985
Granger,57612,57612,100.0,02/25/1985
Granger,57612,57612,100.0,02/26/1985
Granger,57612,57612,100.0,02/27/1985
Granger,57612,57612,100.0,02/28/1985
Granger,57612,57612,100.0,03/01/1985
Granger,57612,57612,100.0,03/02/1985
Granger,57612,57612,100.0,03/03/1985
Granger,57612,57612,100.0,03/04/1985
Granger,57612,57612,100.0,03/05/1985
Granger,57612,57612,100.0,03/06/1985
Granger,57612,57612,100.0,03/07/1985
Granger,57612,57612,100.0,03/08/1985
Granger,57612,57612,100.0,03/09/1985
Granger,57612,57612,100.0,03/10/1985
Granger,57612,57612,100.0,03/11/1985
Granger,57612,57612,100.0,03/12/1985
Granger,57612,57612,100.0,03/13/1985
Granger,57612,57612,100.0,03/14/1985
Granger,57612,57612,100.0,03/15/1985
Granger,57612,57612,100.0,03/16/1985
Granger,57612,57612,100.0,03/17/1985
Granger,57612,57612,100.0,03/18/1985
Granger,57612,57612,100.0,03/19/1985
Granger,57612,57612,100.0,03/20/1985
Granger,57612,57612,100.0,03/21/1985
Granger,57612,57612,100.0,03/22/1985
Granger,57612,57612,100.0,03/23/1985
Granger,57612,57612,100.0,03/24/1985
Granger,57612,57612,100.0,03/25/1985
Granger,57612,57612,100.0,03/26/1985
Granger,57612,57612,100.0,03/27/1985
Granger,57612,57612,100.0,03/28/1985
Granger,57612,57612,100.0,03/29/1985
Granger,57612,57612,100.0,03/30/1985
Granger,57612,57612,100.0,03/31/1985
Granger,57612,57612,100.0,04/01/1985
Granger,57612,57612,100.0,04/02/1985
Granger,57612,57612,100.0,04/03/1985
Granger,57612,57612,100.0,04/04/1985
Granger,57612,57612,100.0,04/05/1985
Granger,57612,57612,100.0,04/06/1985
Granger,57612,57612,100.0,04/07/1985
Granger,57612,57612,100.0,04/08/1985
Granger,57612,57612,100.0,04/09/1985
Granger,57612,57612,100.0,04/10/1985
Granger,57612,57612,100.0,04/11/1985
Granger,57612,57612,100.0,04/12/1985
Granger,57612,57612,100.0,04/13/1985
Granger,57612,57612,100.0,04/14/1985
Granger,57612,57612,100.0,04/15/1985
Granger,57612,57612,100.0,04/16/1985
Granger,57612,57612,100.0,04/17/1985
Granger,57612,57612,100.0,04/18/1985
Granger,57612,57612,100.0,04/19/1985
Granger,57612,57612,100.0,04/20/1985
Granger,57612,57612,100.0,04/21/1985
Granger,57612,57612,100.0,04/22/1985
Granger,57612,57612,100.0,04/23/1985
Granger,57612,57612,100.0,04/24/1985
Granger,57612,57612,100.0,04/25/1985
Granger,57612,57612,100.0,04/26/1985
Granger,57612,57612,100.0,04/27/1985
Granger,57612,57612,100.0,04/28/1985
Granger,57612,57612,100.0,04/29/1985
Granger,57612,57612,100.0,04/30/1985
Granger,57612,57612,100.0,05/01/1985
Granger,57612,57612,100.0,05/02/1985
Granger,57612,57612,100.0,05/03/1985
Granger,57612,57612,100.0,05/04/1985
Granger,57612,57612,100.0,05/05/1985
Granger,57612,57612,100.0,05/06/1985
Granger,57612,57612,100.0,05/07/1985
Granger,57612,57612,100.0,05/08/1985
Granger,57612,57612,100.0,05/09/1985
Granger,57612,57612,100.0,05/10/1985
Granger,57612,57612,100.0,05/11/1985
Granger,57612,57612,100.0,05/12/1985
Granger,57612,57612,100.0,05/13/1985
Granger,57612,57612,100.0,05/14/1985
Granger,57612,57612,100.0,05/15/1985
Granger,57612,57612,100.0,05/16/1985
Granger,57612,57612,100.0,05/17/1985
Granger,57612,57612,100.0,05/18/1985
Granger,57612,57612,100.0,05/19/1985
Granger,57612,57612,100.0,05/20/1985
Granger,57612,57612,100.0,05/21/1985
Granger,57612,57612,100.0,05/22/1985
Granger,57612,57612,100.0,05/23/1985
Granger,57612,57612,100.0,05/24/1985
Granger,57612,57612,100.0,05/25/1985
Granger,57612,57612,100.0,05/26/1985
Granger,57612,57612,100.0,05/27/1985
Granger,57612,57612,100.0,05/28/1985
Granger,57612,57612,100.0,05/29/1985
Granger,57612,57612,100.0,05/30/1985
Granger,57612,57612,100.0,05/31/1985
Granger,57612,57612,100.0,06/01/1985
Granger,57612,57612,100.0,06/02/1985
Granger,57612,57612,100.0,06/03/1985
Granger,57612,57612,100.0,06/04/1985
Granger,57612,57612,100.0,06/05/1985
Granger,57612,57612,100.0,06/06/1985
Granger,57612,57612,100.0,06/07/1985
Granger,57612,57612,100.0,06/08/1985
Granger,57612,57612,100.0,06/09/1985
Granger,57612,57612,100.0,06/10/1985
Granger,57612,57612,100.0,06/11/1985
Granger,57612,57612,100.0,06/12/1985
Granger,57612,57612,100.0,06/13/1985
Granger,57612,57612,100.0,06/14/1985
Granger,57612,57612,100.0,06/15/1985
Granger,57612,57612,100.0,06/16/1985
Granger,57612,57612,100.0,06/17/1985
Granger,57612,57612,100.0,06/18/1985
Granger,57612,57612,100.0,06/19/1985
Granger,57612,57612,100.0,06/20/1985
Granger,57612,57612,100.0,06/21/1985
Granger,57612,57612,100.0,06/22/1985
Granger,57612,57612,100.0,06/23/1985
Granger,57612,57612,100.0,06/24/1985
Granger,57612,57612,100.0,06/25/1985
Granger,57612,57612,100.0,06/26/1985
Granger,57612,57612,100.0,06/27/1985
Granger,57612,57612,100.0,06/28/1985
Granger,57612,57612,100.0,06/29/1985
Granger,57612,57612,100.0,06/30/1985
Granger,57612,57612,100.0,07/01/1985
Granger,57612,57612,100.0,07/02/1985
Granger,57612,57612,100.0,07/03/1985
Granger,57612,57612,100.0,07/04/1985
Granger,57612,57612,100.0,07/05/1985
Granger,57612,57612,100.0,07/06/1985
Granger,57612,57612,100.0,07/07/1985
Granger,57612,57612,100.0,07/08/1985
Granger,57612,57612,100.0,07/09/1985
Granger,57612,57612,100.0,07/10/1985
Granger,57612,57612,100.0,07/11/1985
Granger,57612,57612,100.0,07/12/1985
Granger,57612,57612,100.0,07/13/1985
Granger,57612,57612,100.0,07/14/1985
Granger,57612,57612,100.0,07/15/1985
Granger,57612,57612,100.0,07/16/1985
Granger,57612,57612,100.0,07/17/1985
Granger,57612,57612,100.0,07/18/1985
Granger,57612,57612,100.0,07/19/1985
Granger,57612,57612,100.0,07/20/1985
Granger,57612,57612,100.0,07/21/1985
Granger,57612,57612,100.0,07/22/1985
Granger,57612,57612,100.0,07/23/1985
Granger,57612,57612,100.0,07/24/1985
Granger,57612,57612,100.0,07/25/1985
Granger,57612,57612,100.0,07/26/1985
Granger,57612,57612,100.0,07/27/1985
Granger,57612,57612,100.0,07/28/1985
Granger,57612,57612,100.0,07/29/1985
Granger,57612,57612,100.0,07/30/1985
Granger,57612,57612,100.0,07/31/1985
Granger,57612,57612,100.0,08/01/1985
Granger,57612,57612,100.0,08/02/1985
Granger,57612,57612,100.0,08/03/1985
Granger,57612,57612,100.0,08/04/1985
Granger,57612,57612,100.0,08/05/1985
Granger,57612,57612,100.0,08/06/1985
Granger,57612,57612,100.0,08/07/1985
Granger,57612,57612,100.0,08/08/1985
Granger,57612,57612,100.0,08/09/1985
Granger,57612,57612,100.0,08/10/1985
Granger,57612,57612,100.0,08/11/1985
Granger,57612,57612,100.0,08/12/1985
Granger,57612,57612,100.0,08/13/1985
Granger,57612,57612,100.0,08/14/1985
Granger,57612,57612,100.0,08/15/1985
Granger,57612,57612,100.0,08/16/1985
Granger,57612,57612,100.0,08/17/1985
Granger,57612,57612,100.0,08/18/1985
Granger,57612,57612,100.0,08/19/1985
Granger,57612,57612,100.0,08/20/1985
Granger,57612,57612,100.0,08/21/1985
Granger,57612,57612,100.0,08/22/1985
Granger,57612,57612,100.0,08/23/1985
Granger,57612,57612,100.0,08/24/1985
Granger,57612,57612,100.0,08/25/1985
Granger,57612,57612,100.0,08/26/1985
Granger,57612,57612,100.0,08/27/1985
Granger,57612,57612,100.0,08/28/1985
Granger,57612,57612,100.0,08/29/1985
Granger,57612,57612,100.0,08/30/1985
Granger,57612,57612,100.0,08/31/1985
Granger,57612,57612,100.0,09/01/1985
Granger,57612,57612,100.0,09/02/1985
Granger,57612,57612,100.0,09/03/1985
Granger,57612,57612,100.0,09/04/1985
Granger,57612,57612,100.0,09/05/1985
Granger,57612,57612,100.0,09/06/1985
Granger,57612,57612,100.0,09/07/1985
Granger,57612,57612,100.0,09/08/1985
Granger,57612,57612,100.0,09/09/1985
Granger,57612,57612,100.0,09/10/1985
Granger,57612,57612,100.0,09/11/1985
Granger,57612,57612,100.0,09/12/1985
Granger,57612,57612,100.0,09/13/1985
Granger,57612,57612,100.0,09/14/1985
Granger,57612,57612,100.0,09/15/1985
Granger,57612,57612,100.0,09/16/1985
Granger,57612,57612,100.0,09/17/1985
Granger,57612,57612,100.0,09/18/1985
Granger,57612,57612,100.0,09/19/1985
Granger,57612,57612,100.0,09/20/1985
Granger,57612,57612,100.0,09/21/1985
Granger,57612,57612,100.0,09/22/1985
Granger,57612,57612,100.0,09/23/1985
Granger,57612,57612,100.0,09/24/1985
Granger,57612,57612,100.0,09/25/1985
Granger,57612,57612,100.0,09/26/1985
Granger,57612,57612,100.0,09/27/1985
Granger,57612,57612,100.0,09/28/1985
Granger,57612,57612,100.0,09/29/1985
Granger,57612,57612,100.0,09/30/1985
Granger,57612,57612,100.0,10/01/1985
Granger,57612,57612,100.0,10/02/1985
Granger,57612,57612,100.0,10/03/1985
Granger,57612,57612,100.0,10/04/1985
Granger,57612,57612,100.0,10/05/1985
Granger,57612,57612,100.0,10/06/1985
Granger,57612,57612,100.0,10/07/1985
Granger,57612,57612,100.0,10/08/1985
Granger,57612,57612,100.0,10/09/1985
Granger,57612,57612,100.0,10/10/1985
Granger,57612,57612,100.0,10/11/1985
Granger,57612,57612,100.0,10/12/1985
Granger,57612,57612,100.0,10/13/1985
Granger,57612,57612,100.0,10/14/1985
Granger,57612,57612,100.0,10/15/1985
Granger,57612,57612,100.0,10/16/1985
Granger,57612,57612,100.0,10/17/1985
Granger,57612,57612,100.0,10/18/1985
Granger,57612,57612,100.0,10/19/1985
Granger,57612,57612,100.0,10/20/1985
Granger,57612,57612,100.0,10/21/1985
Granger,57612,57612,100.0,10/22/1985
Granger,57612,57612,100.0,10/23/1985
Granger,57612,57612,100.0,10/24/1985
Granger,57612,57612,100.0,10/25/1985
Granger,57612,57612,100.0,10/26/1985
Granger,57612,57612,100.0,10/27/1985
Granger,57612,57612,100.0,10/28/1985
Granger,57612,57612,100.0,10/29/1985
Granger,57612,57612,100.0,10/30/1985
Granger,57612,57612,100.0,10/31/1985
Granger,57612,57612,100.0,11/01/1985
Granger,57612,57612,100.0,11/02/1985
Granger,57612,57612,100.0,11/03/1985
Granger,57612,57612,100.0,11/04/1985
Granger,57612,57612,100.0,11/05/1985
Granger,57612,57612,100.0,11/06/1985
Granger,57612,57612,100.0,11/07/1985
Granger,57612,57612,100.0,11/08/1985
Granger,57612,57612,100.0,11/09/1985
Granger,57612,57612,100.0,11/10/1985
Granger,57612,57612,100.0,11/11/1985
Granger,57612,57612,100.0,11/12/1985
Granger,57612,57612,100.0,11/13/1985
Granger,57612,57612,100.0,11/14/1985
Granger,57612,57612,100.0,11/15/1985
Granger,57612,57612,100.0,11/16/1985
Granger,57612,57612,100.0,11/17/1985
Granger,57612,57612,100.0,11/18/1985
Granger,57612,57612,100.0,11/19/1985
Granger,57612,57612,100.0,11/20/1985
Granger,57612,57612,100.0,11/21/1985
Granger,57612,57612,100.0,11/22/1985
Granger,57612,57612,100.0,11/23/1985
Granger,57612,57612,100.0,11/24/1985
Granger,57612,57612,100.0,11/25/1985
Granger,57612,57612,100.0,11/26/1985
Granger,57612,57612,100.0,11/27/1985
Granger,57612,57612,100.0,11/28/1985
Granger,57612,57612,100.0,11/29/1985
Granger,57612,57612,100.0,11/30/1985
Granger,57612,57612,100.0,12/01/1985
Granger,57612,57612,100.0,12/02/1985
Granger,57612,57612,100.0,12/03/1985
Granger,57612,57612,100.0,12/04/1985
Granger,57612,57612,100.0,12/05/1985
Granger,57612,57612,100.0,12/06/1985
Granger,57612,57612,100.0,12/07/1985
Granger,57612,57612,100.0,12/08/1985
Granger,57612,57612,100.0,12/09/1985
Granger,57612,57612,100.0,12/10/1985
Granger,57612,57612,100.0,12/11/1985
Granger,57612,57612,100.0,12/12/1985
Granger,57612,57612,100.0,12/13/1985
Granger,57612,57612,100.0,12/14/1985
Granger,57612,57612,100.0,12/15/1985
Granger,57612,57612,100.0,12/16/1985
Granger,57612,57612,100.0,12/17/1985
Granger,57612,57612,100.0,12/18/1985
Granger,57612,57612,100.0,12/19/1985
Granger,57612,57612,100.0,12/20/1985
Granger,57612,57612,100.0,12/21/1985
Granger,57612,57612,100.0,12/22/1985
Granger,57612,57612,100.0,12/23/1985
Granger,57612,57612,100.0,12/24/1985
Granger,57612,57612,100.0,12/25/1985
Granger,57612,57612,100.0,12/26/1985
Granger,57612,57612,100.0,12/27/1985
Granger,57612,57612,100.0,12/28/1985
Granger,57612,57612,100.0,12/29/1985
Granger,57612,57612,100.0,12/30/1985
Granger,57612,57612,100.0,12/31/1985
Granger,57612,57612,100.0,01/01/1986
Granger,57612,57612,100.0,01/02/1986
Granger,57612,57612,100.0,01/03/1986
Granger,57612,57612,100.0,01/04/1986
Granger,57612,57612,100.0,01/05/1986
Granger,57612,57612,100.0,01/06/1986
Granger,57612,57612,100.0,01/07/1986
Granger,57612,57612,100.0,01/08/1986
Granger,57612,57612,100.0,01/09/1986
Granger,57612,57612,100.0,01/10/1986
Granger,57612,57612,100.0,01/11/1986
Granger,57612,57612,100.0,01/12/1986
Granger,57612,57612,100.0,01/13/1986
Granger,57612,57612,100.0,01/14/1986
Granger,57612,57612,100.0,01/15/1986
Granger,57612,57612,100.0,01/16/1986
Granger,57612,57612,100.0,01/17/1986
Granger,57612,57612,100.0,01/18/1986
Granger,57612,57612,100.0,01/19/1986
Granger,57612,57612,100.0,01/20/1986
Granger,57612,57612,100.0,01/21/1986
Granger,57612,57612,100.0,01/22/1986
Granger,57612,57612,100.0,01/23/1986
Granger,57612,57612,100.0,01/24/1986
Granger,57612,57612,100.0,01/25/1986
Granger,57612,57612,100.0,01/26/1986
Granger,57612,57612,100.0,01/27/1986
Granger,57612,57612,100.0,01/28/1986
Granger,57612,57612,100.0,01/29/1986
Granger,57612,57612,100.0,01/30/1986
Granger,57612,57612,100.0,01/31/1986
Granger,57612,57612,100.0,02/01/1986
Granger,57612,57612,100.0,02/02/1986
Granger,57612,57612,100.0,02/03/1986
Granger,57612,57612,100.0,02/04/1986
Granger,57612,57612,100.0,02/05/1986
Granger,57612,57612,100.0,02/06/1986
Granger,57612,57612,100.0,02/07/1986
Granger,57612,57612,100.0,02/08/1986
Granger,57612,57612,100.0,02/09/1986
Granger,57612,57612,100.0,02/10/1986
Granger,57612,57612,100.0,02/11/1986
Granger,57612,57612,100.0,02/12/1986
Granger,57612,57612,100.0,02/13/1986
Granger,57612,57612,100.0,02/14/1986
Granger,57612,57612,100.0,02/15/1986
Granger,57612,57612,100.0,02/16/1986
Granger,57612,57612,100.0,02/17/1986
Granger,57612,57612,100.0,02/18/1986
Granger,57612,57612,100.0,02/19/1986
Granger,57612,57612,100.0,02/20/1986
Granger,57612,57612,100.0,02/21/1986
Granger,57612,57612,100.0,02/22/1986
Granger,57612,57612,100.0,02/23/1986
Granger,57612,57612,100.0,02/24/1986
Granger,57612,57612,100.0,02/25/1986
Granger,57612,57612,100.0,02/26/1986
Granger,57612,57612,100.0,02/27/1986
Granger,57612,57612,100.0,02/28/1986
Granger,57612,57612,100.0,03/01/1986
Granger,57612,57612,100.0,03/02/1986
Granger,57612,57612,100.0,03/03/1986
Granger,57612,57612,100.0,03/04/1986
Granger,57612,57612,100.0,03/05/1986
Granger,57612,57612,100.0,03/06/1986
Granger,57612,57612,100.0,03/07/1986
Granger,57612,57612,100.0,03/08/1986
Granger,57612,57612,100.0,03/09/1986
Granger,57612,57612,100.0,03/10/1986
Granger,57612,57612,100.0,03/11/1986
Granger,57612,57612,100.0,03/12/1986
Granger,57612,57612,100.0,03/13/1986
Granger,57612,57612,100.0,03/14/1986
Granger,57612,57612,100.0,03/15/1986
Granger,57612,57612,100.0,03/16/1986
Granger,57612,57612,100.0,03/17/1986
Granger,57612,57612,100.0,03/18/1986
Granger,57612,57612,100.0,03/19/1986
Granger,57612,57612,100.0,03/20/1986
Granger,57612,57612,100.0,03/21/1986
Granger,57612,57612,100.0,03/22/1986
Granger,57612,57612,100.0,03/23/1986
Granger,57612,57612,100.0,03/24/1986
Granger,57612,57612,100.0,03/25/1986
Granger,57612,57612,100.0,03/26/1986
Granger,57612,57612,100.0,03/27/1986
Granger,57612,57612,100.0,03/28/1986
Granger,57612,57612,100.0,03/29/1986
Granger,57612,57612,100.0,03/30/1986
Granger,57612,57612,100.0,03/31/1986
Granger,57612,57612,100.0,04/01/1986
Granger,57612,57612,100.0,04/02/1986
Granger,57612,57612,100.0,04/03/1986
Granger,57612,57612,100.0,04/04/1986
Granger,57612,57612,100.0,04/05/1986
Granger,57612,57612,100.0,04/06/1986
Granger,57612,57612,100.0,04/07/1986
Granger,57612,57612,100.0,04/08/1986
Granger,57612,57612,100.0,04/09/1986
Granger,57612,57612,100.0,04/10/1986
Granger,57612,57612,100.0,04/11/1986
Granger,57612,57612,100.0,04/12/1986
Granger,57612,57612,100.0,04/13/1986
Granger,57612,57612,100.0,04/14/1986
Granger,57612,57612,100.0,04/15/1986
Granger,57612,57612,100.0,04/16/1986
Granger,57612,57612,100.0,04/17/1986
Granger,57612,57612,100.0,04/18/1986
Granger,57612,57612,100.0,04/19/1986
Granger,57612,57612,100.0,04/20/1986
Granger,57612,57612,100.0,04/21/1986
Granger,57612,57612,100.0,04/22/1986
Granger,57612,57612,100.0,04/23/1986
Granger,57612,57612,100.0,04/24/1986
Granger,57612,57612,100.0,04/25/1986
Granger,57612,57612,100.0,04/26/1986
Granger,57612,57612,100.0,04/27/1986
Granger,57612,57612,100.0,04/28/1986
Granger,57612,57612,100.0,04/29/1986
Granger,57612,57612,100.0,04/30/1986
Granger,57612,57612,100.0,05/01/1986
Granger,57612,57612,100.0,05/02/1986
Granger,57612,57612,100.0,05/03/1986
Granger,57612,57612,100.0,05/04/1986
Granger,57612,57612,100.0,05/05/1986
Granger,57612,57612,100.0,05/06/1986
Granger,57612,57612,100.0,05/07/1986
Granger,57612,57612,100.0,05/08/1986
Granger,57612,57612,100.0,05/09/1986
Granger,57612,57612,100.0,05/10/1986
Granger,57612,57612,100.0,05/11/1986
Granger,57612,57612,100.0,05/12/1986
Granger,57612,57612,100.0,05/13/1986
Granger,57612,57612,100.0,05/14/1986
Granger,57612,57612,100.0,05/15/1986
Granger,57612,57612,100.0,05/16/1986
Granger,57612,57612,100.0,05/17/1986
Granger,57612,57612,100.0,05/18/1986
Granger,57612,57612,100.0,05/19/1986
Granger,57612,57612,100.0,05/20/1986
Granger,57612,57612,100.0,05/21/1986
Granger,57612,57612,100.0,05/22/1986
Granger,57612,57612,100.0,05/23/1986
Granger,57612,57612,100.0,05/24/1986
Granger,57612,57612,100.0,05/25/1986
Granger,57612,57612,100.0,05/26/1986
Granger,57612,57612,100.0,05/27/1986
Granger,57612,57612,100.0,05/28/1986
Granger,57612,57612,100.0,05/29/1986
Granger,57612,57612,100.0,05/30/1986
Granger,57612,57612,100.0,05/31/1986
Granger,57612,57612,100.0,06/01/1986
Granger,57612,57612,100.0,06/02/1986
Granger,57612,57612,100.0,06/03/1986
Granger,57612,57612,100.0,06/04/1986
Granger,57612,57612,100.0,06/05/1986
Granger,57612,57612,100.0,06/06/1986
Granger,57612,57612,100.0,06/07/1986
Granger,57612,57612,100.0,06/08/1986
Granger,57612,57612,100.0,06/09/1986
Granger,57612,57612,100.0,06/10/1986
Granger,57612,57612,100.0,06/11/1986
Granger,57612,57612,100.0,06/12/1986
Granger,57612,57612,100.0,06/13/1986
Granger,57612,57612,100.0,06/14/1986
Granger,57612,57612,100.0,06/15/1986
Granger,57612,57612,100.0,06/16/1986
Granger,57612,57612,100.0,06/17/1986
Granger,57612,57612,100.0,06/18/1986
Granger,57612,57612,100.0,06/19/1986
Granger,57612,57612,100.0,06/20/1986
Granger,57612,57612,100.0,06/21/1986
Granger,57612,57612,100.0,06/22/1986
Granger,57612,57612,100.0,06/23/1986
Granger,57612,57612,100.0,06/24/1986
Granger,57612,57612,100.0,06/25/1986
Granger,57612,57612,100.0,06/26/1986
Granger,57612,57612,100.0,06/27/1986
Granger,57612,57612,100.0,06/28/1986
Granger,57612,57612,100.0,06/29/1986
Granger,57612,57612,100.0,06/30/1986
Granger,57612,57612,100.0,07/01/1986
Granger,57612,57612,100.0,07/02/1986
Granger,57612,57612,100.0,07/03/1986
Granger,57612,57612,100.0,07/04/1986
Granger,57612,57612,100.0,07/05/1986
Granger,57612,57612,100.0,07/06/1986
Granger,57612,57612,100.0,07/07/1986
Granger,57612,57612,100.0,07/08/1986
Granger,57612,57612,100.0,07/09/1986
Granger,57612,57612,100.0,07/10/1986
Granger,57612,57612,100.0,07/11/1986
Granger,57612,57612,100.0,07/12/1986
Granger,57612,57612,100.0,07/13/1986
Granger,57612,57612,100.0,07/14/1986
Granger,57612,57612,100.0,07/15/1986
Granger,57612,57612,100.0,07/16/1986
Granger,57612,57612,100.0,07/17/1986
Granger,57612,57612,100.0,07/18/1986
Granger,57612,57612,100.0,07/19/1986
Granger,57612,57612,100.0,07/20/1986
Granger,57612,57612,100.0,07/21/1986
Granger,57612,57612,100.0,07/22/1986
Granger,57612,57612,100.0,07/23/1986
Granger,57612,57612,100.0,07/24/1986
Granger,57612,57612,100.0,07/25/1986
Granger,57612,57612,100.0,07/26/1986
Granger,57612,57612,100.0,07/27/1986
Granger,57612,57612,100.0,07/28/1986
Granger,57612,57612,100.0,07/29/1986
Granger,57612,57612,100.0,07/30/1986
Granger,57612,57612,100.0,07/31/1986
Granger,57612,57612,100.0,08/01/1986
Granger,57612,57612,100.0,08/02/1986
Granger,57612,57612,100.0,08/03/1986
Granger,57612,57612,100.0,08/04/1986
Granger,57612,57612,100.0,08/05/1986
Granger,57612,57612,100.0,08/06/1986
Granger,57612,57612,100.0,08/07/1986
Granger,57612,57612,100.0,08/08/1986
Granger,57612,57612,100.0,08/09/1986
Granger,57612,57612,100.0,08/10/1986
Granger,57612,57612,100.0,08/11/1986
Granger,57612,57612,100.0,08/12/1986
Granger,57612,57612,100.0,08/13/1986
Granger,57612,57612,100.0,08/14/1986
Granger,57612,57612,100.0,08/15/1986
Granger,57612,57612,100.0,08/16/1986
Granger,57612,57612,100.0,08/17/1986
Granger,57612,57612,100.0,08/18/1986
Granger,57612,57612,100.0,08/19/1986
Granger,57612,57612,100.0,08/20/1986
Granger,57612,57612,100.0,08/21/1986
Granger,57612,57612,100.0,08/22/1986
Granger,57612,57612,100.0,08/23/1986
Granger,57612,57612,100.0,08/24/1986
Granger,57612,57612,100.0,08/25/1986
Granger,57612,57612,100.0,08/26/1986
Granger,57612,57612,100.0,08/27/1986
Granger,57612,57612,100.0,08/28/1986
Granger,57612,57612,100.0,08/29/1986
Granger,57612,57612,100.0,08/30/1986
Granger,57612,57612,100.0,08/31/1986
Granger,57612,57612,100.0,09/01/1986
Granger,57612,57612,100.0,09/02/1986
Granger,57612,57612,100.0,09/03/1986
Granger,57612,57612,100.0,09/04/1986
Granger,57612,57612,100.0,09/05/1986
Granger,57612,57612,100.0,09/06/1986
Granger,57612,57612,100.0,09/07/1986
Granger,57612,57612,100.0,09/08/1986
Granger,57612,57612,100.0,09/09/1986
Granger,57612,57612,100.0,09/10/1986
Granger,57612,57612,100.0,09/11/1986
Granger,57612,57612,100.0,09/12/1986
Granger,57612,57612,100.0,09/13/1986
Granger,57612,57612,100.0,09/14/1986
Granger,57612,57612,100.0,09/15/1986
Granger,57612,57612,100.0,09/16/1986
Granger,57612,57612,100.0,09/17/1986
Granger,57612,57612,100.0,09/18/1986
Granger,57612,57612,100.0,09/19/1986
Granger,57612,57612,100.0,09/20/1986
Granger,57612,57612,100.0,09/21/1986
Granger,57612,57612,100.0,09/22/1986
Granger,57612,57612,100.0,09/23/1986
Granger,57612,57612,100.0,09/24/1986
Granger,57612,57612,100.0,09/25/1986
Granger,57612,57612,100.0,09/26/1986
Granger,57612,57612,100.0,09/27/1986
Granger,57612,57612,100.0,09/28/1986
Granger,57612,57612,100.0,09/29/1986
Granger,57612,57612,100.0,09/30/1986
Granger,57612,57612,100.0,10/01/1986
Granger,57612,57612,100.0,01/02/1987
Granger,57612,57612,100.0,01/03/1987
Granger,57612,57612,100.0,01/04/1987
Granger,57612,57612,100.0,01/05/1987
Granger,57612,57612,100.0,01/06/1987
Granger,57612,57612,100.0,01/07/1987
Granger,57612,57612,100.0,01/08/1987
Granger,57612,57612,100.0,01/09/1987
Granger,57612,57612,100.0,01/10/1987
Granger,57612,57612,100.0,01/11/1987
Granger,57612,57612,100.0,01/12/1987
Granger,57612,57612,100.0,01/13/1987
Granger,57612,57612,100.0,01/14/1987
Granger,57612,57612,100.0,01/15/1987
Granger,57612,57612,100.0,01/16/1987
Granger,57612,57612,100.0,01/17/1987
Granger,57612,57612,100.0,01/18/1987
Granger,57612,57612,100.0,01/19/1987
Granger,57612,57612,100.0,01/20/1987
Granger,57612,57612,100.0,01/21/1987
Granger,57612,57612,100.0,01/22/1987
Granger,57612,57612,100.0,01/23/1987
Granger,57612,57612,100.0,01/24/1987
Granger,57612,57612,100.0,01/25/1987
Granger,57612,57612,100.0,01/26/1987
Granger,57612,57612,100.0,01/27/1987
Granger,57612,57612,100.0,01/28/1987
Granger,57612,57612,100.0,01/29/1987
Granger,57612,57612,100.0,01/30/1987
Granger,57612,57612,100.0,01/31/1987
Granger,57612,57612,100.0,02/01/1987
Granger,57612,57612,100.0,02/02/1987
Granger,57612,57612,100.0,02/03/1987
Granger,57612,57612,100.0,02/04/1987
Granger,57612,57612,100.0,02/05/1987
Granger,57612,57612,100.0,02/06/1987
Granger,57612,57612,100.0,02/07/1987
Granger,57612,57612,100.0,02/08/1987
Granger,57612,57612,100.0,02/09/1987
Granger,57612,57612,100.0,02/10/1987
Granger,57612,57612,100.0,02/11/1987
Granger,57612,57612,100.0,02/12/1987
Granger,57612,57612,100.0,02/13/1987
Granger,57612,57612,100.0,02/14/1987
Granger,57612,57612,100.0,02/15/1987
Granger,57612,57612,100.0,02/16/1987
Granger,57612,57612,100.0,02/17/1987
Granger,57612,57612,100.0,02/18/1987
Granger,57612,57612,100.0,02/19/1987
Granger,57612,57612,100.0,02/20/1987
Granger,57612,57612,100.0,02/21/1987
Granger,57612,57612,100.0,02/22/1987
Granger,57612,57612,100.0,02/23/1987
Granger,57612,57612,100.0,02/24/1987
Granger,57612,57612,100.0,02/25/1987
Granger,57612,57612,100.0,02/26/1987
Granger,57612,57612,100.0,02/27/1987
Granger,57612,57612,100.0,02/28/1987
Granger,57612,57612,100.0,03/01/1987
Granger,57612,57612,100.0,03/02/1987
Granger,57612,57612,100.0,03/03/1987
Granger,57612,57612,100.0,03/04/1987
Granger,57612,57612,100.0,03/05/1987
Granger,57612,57612,100.0,03/06/1987
Granger,57612,57612,100.0,03/07/1987
Granger,57612,57612,100.0,03/08/1987
Granger,57612,57612,100.0,03/09/1987
Granger,57612,57612,100.0,03/10/1987
Granger,57612,57612,100.0,03/11/1987
Granger,57612,57612,100.0,03/12/1987
Granger,57612,57612,100.0,03/13/1987
Granger,57612,57612,100.0,03/14/1987
Granger,57612,57612,100.0,03/15/1987
Granger,57612,57612,100.0,03/16/1987
Granger,57612,57612,100.0,03/17/1987
Granger,57612,57612,100.0,03/18/1987
Granger,57612,57612,100.0,03/19/1987
Granger,57612,57612,100.0,03/20/1987
Granger,57612,57612,100.0,03/21/1987
Granger,57612,57612,100.0,03/22/1987
Granger,57612,57612,100.0,03/23/1987
Granger,57612,57612,100.0,03/24/1987
Granger,57612,57612,100.0,03/25/1987
Granger,57612,57612,100.0,03/26/1987
Granger,57612,57612,100.0,03/27/1987
Granger,57612,57612,100.0,03/28/1987
Granger,57612,57612,100.0,03/29/1987
Granger,57612,57612,100.0,03/30/1987
Granger,57612,57612,100.0,03/31/1987
Granger,57612,57612,100.0,04/01/1987
Granger,57612,57612,100.0,04/02/1987
Granger,57612,57612,100.0,04/03/1987
Granger,57612,57612,100.0,04/04/1987
Granger,57612,57612,100.0,04/05/1987
Granger,57612,57612,100.0,04/06/1987
Granger,57612,57612,100.0,04/07/1987
Granger,57612,57612,100.0,04/08/1987
Granger,57612,57612,100.0,04/09/1987
Granger,57612,57612,100.0,04/10/1987
Granger,57612,57612,100.0,04/11/1987
Granger,57612,57612,100.0,04/12/1987
Granger,57612,57612,100.0,04/13/1987
Granger,57612,57612,100.0,04/14/1987
Granger,57612,57612,100.0,04/15/1987
Granger,57612,57612,100.0,04/16/1987
Granger,57612,57612,100.0,04/17/1987
Granger,57612,57612,100.0,04/18/1987
Granger,57612,57612,100.0,04/19/1987
Granger,57612,57612,100.0,04/20/1987
Granger,57612,57612,100.0,04/21/1987
Granger,57612,57612,100.0,04/22/1987
Granger,57612,57612,100.0,04/23/1987
Granger,57612,57612,100.0,04/24/1987
Granger,57612,57612,100.0,04/25/1987
Granger,57612,57612,100.0,04/26/1987
Granger,57612,57612,100.0,04/27/1987
Granger,57612,57612,100.0,04/28/1987
Granger,57612,57612,100.0,04/29/1987
Granger,57612,57612,100.0,04/30/1987
Granger,57612,57612,100.0,05/01/1987
Granger,57612,57612,100.0,05/02/1987
Granger,57612,57612,100.0,05/03/1987
Granger,57612,57612,100.0,05/04/1987
Granger,57612,57612,100.0,05/05/1987
Granger,57612,57612,100.0,05/06/1987
Granger,57612,57612,100.0,05/07/1987
Granger,57612,57612,100.0,05/08/1987
Granger,57612,57612,100.0,05/09/1987
Granger,57612,57612,100.0,05/10/1987
Granger,57612,57612,100.0,05/11/1987
Granger,57612,57612,100.0,05/12/1987
Granger,57612,57612,100.0,05/13/1987
Granger,57612,57612,100.0,05/14/1987
Granger,57612,57612,100.0,05/15/1987
Granger,57612,57612,100.0,05/16/1987
Granger,57612,57612,100.0,05/17/1987
Granger,57612,57612,100.0,05/18/1987
Granger,57612,57612,100.0,05/19/1987
Granger,57612,57612,100.0,05/20/1987
Granger,57612,57612,100.0,05/21/1987
Granger,57612,57612,100.0,05/22/1987
Granger,57612,57612,100.0,05/23/1987
Granger,57612,57612,100.0,05/24/1987
Granger,57612,57612,100.0,05/25/1987
Granger,57612,57612,100.0,05/26/1987
Granger,57612,57612,100.0,05/27/1987
Granger,57612,57612,100.0,05/28/1987
Granger,57612,57612,100.0,05/29/1987
Granger,57612,57612,100.0,05/30/1987
Granger,57612,57612,100.0,05/31/1987
Granger,57612,57612,100.0,06/01/1987
Granger,57612,57612,100.0,06/02/1987
Granger,57612,57612,100.0,06/03/1987
Granger,57612,57612,100.0,06/04/1987
Granger,57612,57612,100.0,06/05/1987
Granger,57612,57612,100.0,06/06/1987
Granger,57612,57612,100.0,06/07/1987
Granger,57612,57612,100.0,06/08/1987
Granger,57612,57612,100.0,06/09/1987
Granger,57612,57612,100.0,06/10/1987
Granger,57612,57612,100.0,06/11/1987
Granger,57612,57612,100.0,06/12/1987
Granger,57612,57612,100.0,06/13/1987
Granger,57612,57612,100.0,06/14/1987
Granger,57612,57612,100.0,06/15/1987
Granger,57612,57612,100.0,06/16/1987
Granger,57612,57612,100.0,06/17/1987
Granger,57612,57612,100.0,06/18/1987
Granger,57612,57612,100.0,06/19/1987
Granger,57612,57612,100.0,06/20/1987
Granger,57612,57612,100.0,06/21/1987
Granger,57612,57612,100.0,06/22/1987
Granger,57612,57612,100.0,06/23/1987
Granger,57612,57612,100.0,06/24/1987
Granger,57612,57612,100.0,06/25/1987
Granger,57612,57612,100.0,06/26/1987
Granger,57612,57612,100.0,06/27/1987
Granger,57612,57612,100.0,06/28/1987
Granger,57612,57612,100.0,06/29/1987
Granger,57612,57612,100.0,06/30/1987
Granger,57612,57612,100.0,07/01/1987
Granger,57612,57612,100.0,07/02/1987
Granger,57612,57612,100.0,07/03/1987
Granger,57612,57612,100.0,07/04/1987
Granger,57612,57612,100.0,07/05/1987
Granger,57612,57612,100.0,07/06/1987
Granger,57612,57612,100.0,07/07/1987
Granger,57612,57612,100.0,07/08/1987
Granger,57612,57612,100.0,07/09/1987
Granger,57612,57612,100.0,07/10/1987
Granger,57612,57612,100.0,07/11/1987
Granger,57612,57612,100.0,07/12/1987
Granger,57612,57612,100.0,07/13/1987
Granger,57612,57612,100.0,07/14/1987
Granger,57612,57612,100.0,07/15/1987
Granger,57612,57612,100.0,07/16/1987
Granger,57612,57612,100.0,07/17/1987
Granger,57612,57612,100.0,07/18/1987
Granger,57612,57612,100.0,07/19/1987
Granger,57612,57612,100.0,07/20/1987
Granger,57612,57612,100.0,07/21/1987
Granger,57612,57612,100.0,07/22/1987
Granger,57612,57612,100.0,07/23/1987
Granger,57612,57612,100.0,07/24/1987
Granger,57612,57612,100.0,07/25/1987
Granger,57612,57612,100.0,07/26/1987
Granger,57612,57612,100.0,07/27/1987
Granger,57612,57612,100.0,07/28/1987
Granger,57612,57612,100.0,07/29/1987
Granger,57612,57612,100.0,07/30/1987
Granger,57612,57612,100.0,07/31/1987
Granger,57612,57612,100.0,08/01/1987
Granger,57612,57612,100.0,08/02/1987
Granger,57612,57612,100.0,08/03/1987
Granger,57612,57612,100.0,08/04/1987
Granger,57612,57612,100.0,08/05/1987
Granger,57612,57612,100.0,08/06/1987
Granger,57612,57612,100.0,08/07/1987
Granger,57612,57612,100.0,08/08/1987
Granger,57612,57612,100.0,08/09/1987
Granger,57612,57612,100.0,08/10/1987
Granger,57612,57612,100.0,08/11/1987
Granger,57612,57612,100.0,08/12/1987
Granger,57612,57612,100.0,08/13/1987
Granger,57612,57612,100.0,08/14/1987
Granger,57612,57612,100.0,08/15/1987
Granger,57612,57612,100.0,08/16/1987
Granger,57612,57612,100.0,08/17/1987
Granger,57612,57612,100.0,08/18/1987
Granger,57612,57612,100.0,08/19/1987
Granger,57612,57612,100.0,08/20/1987
Granger,57612,57612,100.0,08/21/1987
Granger,57612,57612,100.0,08/22/1987
Granger,57612,57612,100.0,08/23/1987
Granger,57612,57612,100.0,08/24/1987
Granger,57612,57612,100.0,08/25/1987
Granger,57612,57612,100.0,08/26/1987
Granger,57612,57612,100.0,08/27/1987
Granger,57612,57612,100.0,08/28/1987
Granger,57612,57612,100.0,08/29/1987
Granger,57612,57612,100.0,08/30/1987
Granger,57612,57612,100.0,08/31/1987
Granger,57612,57612,100.0,09/01/1987
Granger,57612,57612,100.0,09/02/1987
Granger,57612,57612,100.0,09/03/1987
Granger,57612,57612,100.0,09/04/1987
Granger,57612,57612,100.0,09/05/1987
Granger,57612,57612,100.0,09/06/1987
Granger,57612,57612,100.0,09/07/1987
Granger,57612,57612,100.0,09/08/1987
Granger,57612,57612,100.0,09/09/1987
Granger,57612,57612,100.0,09/10/1987
Granger,57612,57612,100.0,09/11/1987
Granger,57612,57612,100.0,09/12/1987
Granger,57612,57612,100.0,09/13/1987
Granger,57612,57612,100.0,09/14/1987
Granger,57612,57612,100.0,09/15/1987
Granger,57612,57612,100.0,09/16/1987
Granger,57612,57612,100.0,09/17/1987
Granger,57612,57612,100.0,09/18/1987
Granger,57612,57612,100.0,09/19/1987
Granger,57612,57612,100.0,09/20/1987
Granger,57612,57612,100.0,09/21/1987
Granger,57612,57612,100.0,09/22/1987
Granger,57612,57612,100.0,09/23/1987
Granger,57612,57612,100.0,09/24/1987
Granger,57612,57612,100.0,09/25/1987
Granger,57612,57612,100.0,09/26/1987
Granger,57612,57612,100.0,09/27/1987
Granger,57612,57612,100.0,09/28/1987
Granger,57612,57612,100.0,09/29/1987
Granger,57612,57612,100.0,09/30/1987
Granger,57612,57612,100.0,10/01/1987
Granger,57612,57612,100.0,10/02/1987
Granger,57612,57612,100.0,10/03/1987
Granger,57612,57612,100.0,10/04/1987
Granger,57612,57612,100.0,10/05/1987
Granger,57612,57612,100.0,10/06/1987
Granger,57612,57612,100.0,10/07/1987
Granger,57612,57612,100.0,10/08/1987
Granger,57612,57612,100.0,10/09/1987
Granger,57612,57612,100.0,10/10/1987
Granger,57612,57612,100.0,10/11/1987
Granger,57612,57612,100.0,10/12/1987
Granger,57612,57612,100.0,10/13/1987
Granger,57612,57612,100.0,10/14/1987
Granger,57612,57612,100.0,10/15/1987
Granger,57612,57612,100.0,10/16/1987
Granger,57612,57612,100.0,10/17/1987
Granger,57612,57612,100.0,10/18/1987
Granger,57612,57612,100.0,10/19/1987
Granger,57612,57612,100.0,10/20/1987
Granger,57612,57612,100.0,10/21/1987
Granger,57612,57612,100.0,10/22/1987
Granger,57612,57612,100.0,10/23/1987
Granger,57612,57612,100.0,10/24/1987
Granger,57612,57612,100.0,10/25/1987
Granger,57612,57612,100.0,10/26/1987
Granger,57612,57612,100.0,10/27/1987
Granger,57612,57612,100.0,10/28/1987
Granger,57612,57612,100.0,10/29/1987
Granger,57612,57612,100.0,10/30/1987
Granger,57612,57612,100.0,10/31/1987
Granger,57612,57612,100.0,11/01/1987
Granger,57612,57612,100.0,11/02/1987
Granger,57612,57612,100.0,11/03/1987
Granger,57612,57612,100.0,11/04/1987
Granger,57612,57612,100.0,11/05/1987
Granger,57612,57612,100.0,11/06/1987
Granger,57612,57612,100.0,11/07/1987
Granger,57612,57612,100.0,11/08/1987
Granger,57612,57612,100.0,11/09/1987
Granger,57612,57612,100.0,11/10/1987
Granger,57612,57612,100.0,11/11/1987
Granger,57612,57612,100.0,11/12/1987
Granger,57612,57612,100.0,11/13/1987
Granger,57612,57612,100.0,11/14/1987
Granger,57612,57612,100.0,11/15/1987
Granger,57612,57612,100.0,11/16/1987
Granger,57612,57612,100.0,11/17/1987
Granger,57612,57612,100.0,11/18/1987
Granger,57612,57612,100.0,11/19/1987
Granger,57612,57612,100.0,11/20/1987
Granger,57612,57612,100.0,11/21/1987
Granger,57612,57612,100.0,11/22/1987
Granger,57612,57612,100.0,11/23/1987
Granger,57612,57612,100.0,11/24/1987
Granger,57612,57612,100.0,11/25/1987
Granger,57612,57612,100.0,11/26/1987
Granger,57612,57612,100.0,11/27/1987
Granger,57612,57612,100.0,11/28/1987
Granger,57612,57612,100.0,11/29/1987
Granger,57612,57612,100.0,11/30/1987
Granger,57612,57612,100.0,12/01/1987
Granger,57612,57612,100.0,12/02/1987
Granger,57612,57612,100.0,12/03/1987
Granger,57612,57612,100.0,12/04/1987
Granger,57612,57612,100.0,12/05/1987
Granger,57612,57612,100.0,12/06/1987
Granger,57612,57612,100.0,12/07/1987
Granger,57612,57612,100.0,12/08/1987
Granger,57612,57612,100.0,12/09/1987
Granger,57612,57612,100.0,12/10/1987
Granger,57612,57612,100.0,12/11/1987
Granger,57612,57612,100.0,12/12/1987
Granger,57612,57612,100.0,12/13/1987
Granger,57612,57612,100.0,12/14/1987
Granger,57612,57612,100.0,12/15/1987
Granger,57612,57612,100.0,12/16/1987
Granger,57612,57612,100.0,12/17/1987
Granger,57612,57612,100.0,12/18/1987
Granger,57612,57612,100.0,12/19/1987
Granger,57612,57612,100.0,12/20/1987
Granger,57612,57612,100.0,12/21/1987
Granger,57612,57612,100.0,12/22/1987
Granger,57612,57612,100.0,12/23/1987
Granger,57612,57612,100.0,12/24/1987
Granger,57612,57612,100.0,12/25/1987
Granger,57612,57612,100.0,12/26/1987
Granger,57612,57612,100.0,12/27/1987
Granger,57612,57612,100.0,12/28/1987
Granger,57612,57612,100.0,12/29/1987
Granger,57612,57612,100.0,12/30/1987
Granger,57612,57612,100.0,12/31/1987
Granger,57612,57612,100.0,01/01/1988
Granger,57612,57612,100.0,01/02/1988
Granger,57612,57612,100.0,01/03/1988
Granger,57612,57612,100.0,01/04/1988
Granger,57612,57612,100.0,01/05/1988
Granger,57612,57612,100.0,01/06/1988
Granger,57612,57612,100.0,01/07/1988
Granger,57612,57612,100.0,01/08/1988
Granger,57612,57612,100.0,01/09/1988
Granger,57612,57612,100.0,01/10/1988
Granger,57612,57612,100.0,01/11/1988
Granger,57612,57612,100.0,01/12/1988
Granger,57612,57612,100.0,01/13/1988
Granger,57612,57612,100.0,01/14/1988
Granger,57612,57612,100.0,01/15/1988
Granger,57612,57612,100.0,01/16/1988
Granger,57612,57612,100.0,01/17/1988
Granger,57612,57612,100.0,01/18/1988
Granger,57612,57612,100.0,01/19/1988
Granger,57612,57612,100.0,01/20/1988
Granger,57612,57612,100.0,01/21/1988
Granger,57612,57612,100.0,01/22/1988
Granger,57612,57612,100.0,01/23/1988
Granger,57612,57612,100.0,01/24/1988
Granger,57612,57612,100.0,01/25/1988
Granger,57612,57612,100.0,01/26/1988
Granger,57612,57612,100.0,01/27/1988
Granger,57612,57612,100.0,01/28/1988
Granger,57612,57612,100.0,01/29/1988
Granger,57612,57612,100.0,01/30/1988
Granger,57612,57612,100.0,01/31/1988
Granger,57612,57612,100.0,02/01/1988
Granger,57612,57612,100.0,02/02/1988
Granger,57612,57612,100.0,02/03/1988
Granger,57612,57612,100.0,02/04/1988
Granger,57612,57612,100.0,02/05/1988
Granger,57612,57612,100.0,02/06/1988
Granger,57612,57612,100.0,02/07/1988
Granger,57612,57612,100.0,02/08/1988
Granger,57612,57612,100.0,02/09/1988
Granger,57612,57612,100.0,02/10/1988
Granger,57612,57612,100.0,02/11/1988
Granger,57612,57612,100.0,02/12/1988
Granger,57612,57612,100.0,02/13/1988
Granger,57612,57612,100.0,02/14/1988
Granger,57612,57612,100.0,02/15/1988
Granger,57612,57612,100.0,02/16/1988
Granger,57612,57612,100.0,02/17/1988
Granger,57612,57612,100.0,02/18/1988
Granger,57612,57612,100.0,02/19/1988
Granger,57612,57612,100.0,02/20/1988
Granger,57612,57612,100.0,02/21/1988
Granger,57612,57612,100.0,02/22/1988
Granger,57612,57612,100.0,02/23/1988
Granger,57612,57612,100.0,02/24/1988
Granger,57612,57612,100.0,02/25/1988
Granger,57612,57612,100.0,02/26/1988
Granger,57612,57612,100.0,02/27/1988
Granger,57612,57612,100.0,02/28/1988
Granger,57612,57612,100.0,02/29/1988
Granger,57612,57612,100.0,03/01/1988
Granger,57612,57612,100.0,03/02/1988
Granger,57612,57612,100.0,03/03/1988
Granger,57612,57612,100.0,03/04/1988
Granger,57612,57612,100.0,03/05/1988
Granger,57612,57612,100.0,03/06/1988
Granger,57612,57612,100.0,03/07/1988
Granger,57612,57612,100.0,03/08/1988
Granger,57612,57612,100.0,03/09/1988
Granger,57612,57612,100.0,03/10/1988
Granger,57612,57612,100.0,03/11/1988
Granger,57612,57612,100.0,03/12/1988
Granger,57612,57612,100.0,03/13/1988
Granger,57612,57612,100.0,03/14/1988
Granger,57612,57612,100.0,03/15/1988
Granger,57612,57612,100.0,03/16/1988
Granger,57612,57612,100.0,03/17/1988
Granger,57612,57612,100.0,03/18/1988
Granger,57612,57612,100.0,03/19/1988
Granger,57612,57612,100.0,03/20/1988
Granger,57612,57612,100.0,03/21/1988
Granger,57612,57612,100.0,03/22/1988
Granger,57612,57612,100.0,03/23/1988
Granger,57612,57612,100.0,03/24/1988
Granger,57612,57612,100.0,03/25/1988
Granger,57612,57612,100.0,03/26/1988
Granger,57612,57612,100.0,03/27/1988
Granger,57612,57612,100.0,03/28/1988
Granger,57612,57612,100.0,03/29/1988
Granger,57612,57612,100.0,03/30/1988
Granger,57612,57612,100.0,03/31/1988
Granger,57612,57612,100.0,04/01/1988
Granger,57612,57612,100.0,04/02/1988
Granger,57612,57612,100.0,04/03/1988
Granger,57612,57612,100.0,04/04/1988
Granger,57612,57612,100.0,04/05/1988
Granger,57612,57612,100.0,04/06/1988
Granger,57612,57612,100.0,04/07/1988
Granger,57612,57612,100.0,04/08/1988
Granger,57612,57612,100.0,04/09/1988
Granger,57612,57612,100.0,04/10/1988
Granger,57612,57612,100.0,04/11/1988
Granger,57612,57612,100.0,04/12/1988
Granger,57612,57612,100.0,04/13/1988
Granger,57612,57612,100.0,04/14/1988
Granger,57612,57612,100.0,04/15/1988
Granger,57612,57612,100.0,04/16/1988
Granger,57612,57612,100.0,04/17/1988
Granger,57612,57612,100.0,04/18/1988
Granger,57612,57612,100.0,04/19/1988
Granger,57612,57612,100.0,04/20/1988
Granger,57612,57612,100.0,04/21/1988
Granger,57612,57612,100.0,04/22/1988
Granger,57612,57612,100.0,04/23/1988
Granger,57612,57612,100.0,04/24/1988
Granger,57612,57612,100.0,04/25/1988
Granger,57612,57612,100.0,04/26/1988
Granger,57612,57612,100.0,04/27/1988
Granger,57612,57612,100.0,04/28/1988
Granger,57612,57612,100.0,04/29/1988
Granger,57612,57612,100.0,04/30/1988
Granger,57612,57612,100.0,05/01/1988
Granger,57612,57612,100.0,05/02/1988
Granger,57612,57612,100.0,05/03/1988
Granger,57612,57612,100.0,05/04/1988
Granger,57612,57612,100.0,05/05/1988
Granger,57612,57612,100.0,05/06/1988
Granger,57612,57612,100.0,05/07/1988
Granger,57612,57612,100.0,05/08/1988
Granger,57612,57612,100.0,05/09/1988
Granger,57612,57612,100.0,05/10/1988
Granger,57612,57612,100.0,05/11/1988
Granger,57612,57612,100.0,05/12/1988
Granger,57612,57612,100.0,05/13/1988
Granger,57612,57612,100.0,05/14/1988
Granger,57612,57612,100.0,05/15/1988
Granger,57612,57612,100.0,05/16/1988
Granger,57612,57612,100.0,05/17/1988
Granger,57612,57612,100.0,05/18/1988
Granger,57612,57612,100.0,05/19/1988
Granger,57612,57612,100.0,05/20/1988
Granger,57612,57612,100.0,05/21/1988
Granger,57612,57612,100.0,05/22/1988
Granger,57612,57612,100.0,05/23/1988
Granger,57612,57612,100.0,05/24/1988
Granger,57612,57612,100.0,05/25/1988
Granger,57612,57612,100.0,05/26/1988
Granger,57612,57612,100.0,05/27/1988
Granger,57612,57612,100.0,05/28/1988
Granger,57612,57612,100.0,05/29/1988
Granger,57612,57612,100.0,05/30/1988
Granger,57612,57612,100.0,05/31/1988
Granger,57612,57612,100.0,06/01/1988
Granger,57612,57612,100.0,06/02/1988
Granger,57612,57612,100.0,06/03/1988
Granger,57612,57612,100.0,06/04/1988
Granger,57612,57612,100.0,06/05/1988
Granger,57612,57612,100.0,06/06/1988
Granger,57612,57612,100.0,06/07/1988
Granger,57612,57612,100.0,06/08/1988
Granger,57612,57612,100.0,06/09/1988
Granger,57612,57612,100.0,06/10/1988
Granger,57612,57612,100.0,06/11/1988
Granger,57612,57612,100.0,06/12/1988
Granger,57612,57612,100.0,06/13/1988
Granger,57612,57612,100.0,06/14/1988
Granger,57612,57612,100.0,06/15/1988
Granger,57612,57612,100.0,06/16/1988
Granger,57612,57612,100.0,06/17/1988
Granger,57612,57612,100.0,06/18/1988
Granger,57612,57612,100.0,06/19/1988
Granger,57612,57612,100.0,06/20/1988
Granger,57612,57612,100.0,06/21/1988
Granger,57612,57612,100.0,06/22/1988
Granger,57612,57612,100.0,06/23/1988
Granger,57612,57612,100.0,06/24/1988
Granger,57612,57612,100.0,06/25/1988
Granger,57612,57612,100.0,06/26/1988
Granger,57612,57612,100.0,06/27/1988
Granger,57612,57612,100.0,06/28/1988
Granger,57612,57612,100.0,06/29/1988
Granger,57612,57612,100.0,06/30/1988
Granger,57612,57612,100.0,07/01/1988
Granger,57612,57612,100.0,07/02/1988
Granger,57612,57612,100.0,07/03/1988
Granger,57612,57612,100.0,07/04/1988
Granger,57612,57612,100.0,07/05/1988
Granger,57612,57612,100.0,07/06/1988
Granger,57612,57612,100.0,07/07/1988
Granger,57612,57612,100.0,07/08/1988
Granger,57612,57612,100.0,07/09/1988
Granger,57612,57612,100.0,07/10/1988
Granger,57612,57612,100.0,07/11/1988
Granger,57612,57612,100.0,07/12/1988
Granger,57612,57612,100.0,07/13/1988
Granger,57612,57612,100.0,07/14/1988
Granger,57612,57612,100.0,07/15/1988
Granger,57612,57612,100.0,07/16/1988
Granger,57612,57612,100.0,07/17/1988
Granger,57612,57612,100.0,07/18/1988
Granger,57612,57612,100.0,07/19/1988
Granger,57612,57612,100.0,07/20/1988
Granger,57612,57612,100.0,07/21/1988
Granger,57612,57612,100.0,07/22/1988
Granger,57612,57612,100.0,07/23/1988
Granger,57612,57612,100.0,07/24/1988
Granger,57612,57612,100.0,07/25/1988
Granger,57612,57612,100.0,07/26/1988
Granger,57612,57612,100.0,07/27/1988
Granger,57612,57612,100.0,07/28/1988
Granger,57612,57612,100.0,07/29/1988
Granger,57612,57612,100.0,07/30/1988
Granger,57612,57612,100.0,07/31/1988
Granger,57612,57612,100.0,08/01/1988
Granger,57612,57612,100.0,08/02/1988
Granger,57612,57612,100.0,08/03/1988
Granger,57612,57612,100.0,08/04/1988
Granger,57612,57612,100.0,08/05/1988
Granger,57612,57612,100.0,08/06/1988
Granger,57612,57612,100.0,08/07/1988
Granger,57612,57612,100.0,08/08/1988
Granger,57612,57612,100.0,08/09/1988
Granger,57612,57612,100.0,08/10/1988
Granger,57612,57612,100.0,08/11/1988
Granger,57612,57612,100.0,08/12/1988
Granger,57612,57612,100.0,08/13/1988
Granger,57612,57612,100.0,08/14/1988
Granger,57612,57612,100.0,08/15/1988
Granger,57612,57612,100.0,08/16/1988
Granger,57612,57612,100.0,08/17/1988
Granger,57612,57612,100.0,08/18/1988
Granger,57612,57612,100.0,08/19/1988
Granger,57612,57612,100.0,08/20/1988
Granger,57612,57612,100.0,08/21/1988
Granger,57612,57612,100.0,08/22/1988
Granger,57612,57612,100.0,08/23/1988
Granger,57612,57612,100.0,08/24/1988
Granger,57612,57612,100.0,08/25/1988
Granger,57612,57612,100.0,08/26/1988
Granger,57612,57612,100.0,08/27/1988
Granger,57612,57612,100.0,08/28/1988
Granger,57612,57612,100.0,08/29/1988
Granger,57612,57612,100.0,08/30/1988
Granger,57612,57612,100.0,08/31/1988
Granger,57612,57612,100.0,09/01/1988
Granger,57612,57612,100.0,09/02/1988
Granger,57612,57612,100.0,09/03/1988
Granger,57612,57612,100.0,09/04/1988
Granger,57612,57612,100.0,09/05/1988
Granger,57612,57612,100.0,09/06/1988
Granger,57612,57612,100.0,09/07/1988
Granger,57612,57612,100.0,09/08/1988
Granger,57612,57612,100.0,09/09/1988
Granger,57612,57612,100.0,09/10/1988
Granger,57612,57612,100.0,09/11/1988
Granger,57612,57612,100.0,09/12/1988
Granger,57612,57612,100.0,09/13/1988
Granger,57612,57612,100.0,09/14/1988
Granger,57612,57612,100.0,09/15/1988
Granger,57612,57612,100.0,09/16/1988
Granger,57612,57612,100.0,09/17/1988
Granger,57612,57612,100.0,09/18/1988
Granger,57612,57612,100.0,09/19/1988
Granger,57612,57612,100.0,09/20/1988
Granger,57612,57612,100.0,09/21/1988
Granger,57612,57612,100.0,09/22/1988
Granger,57612,57612,100.0,09/23/1988
Granger,57612,57612,100.0,09/24/1988
Granger,57612,57612,100.0,09/25/1988
Granger,57612,57612,100.0,09/26/1988
Granger,57612,57612,100.0,09/27/1988
Granger,57612,57612,100.0,09/28/1988
Granger,57612,57612,100.0,09/29/1988
Granger,57612,57612,100.0,09/30/1988
Granger,57612,57612,100.0,10/01/1988
Granger,57612,57612,100.0,10/02/1988
Granger,57612,57612,100.0,10/03/1988
Granger,57612,57612,100.0,10/04/1988
Granger,57612,57612,100.0,10/05/1988
Granger,57612,57612,100.0,10/06/1988
Granger,57612,57612,100.0,10/07/1988
Granger,57612,57612,100.0,10/08/1988
Granger,57612,57612,100.0,10/09/1988
Granger,57612,57612,100.0,10/10/1988
Granger,57612,57612,100.0,10/11/1988
Granger,57612,57612,100.0,10/12/1988
Granger,57612,57612,100.0,10/13/1988
Granger,57612,57612,100.0,10/14/1988
Granger,57612,57612,100.0,10/15/1988
Granger,57612,57612,100.0,10/16/1988
Granger,57612,57612,100.0,10/17/1988
Granger,57612,57612,100.0,10/18/1988
Granger,57612,57612,100.0,10/19/1988
Granger,57612,57612,100.0,10/20/1988
Granger,57612,57612,100.0,10/21/1988
Granger,57612,57612,100.0,10/22/1988
Granger,57612,57612,100.0,10/23/1988
Granger,57612,57612,100.0,10/24/1988
Granger,57612,57612,100.0,10/25/1988
Granger,57612,57612,100.0,10/26/1988
Granger,57612,57612,100.0,10/27/1988
Granger,57612,57612,100.0,10/28/1988
Granger,57612,57612,100.0,10/29/1988
Granger,57612,57612,100.0,10/30/1988
Granger,57612,57612,100.0,10/31/1988
Granger,57612,57612,100.0,11/01/1988
Granger,57612,57612,100.0,11/02/1988
Granger,57612,57612,100.0,11/03/1988
Granger,57612,57612,100.0,11/04/1988
Granger,57612,57612,100.0,11/05/1988
Granger,57612,57612,100.0,11/06/1988
Granger,57612,57612,100.0,11/07/1988
Granger,57612,57612,100.0,11/08/1988
Granger,57612,57612,100.0,11/09/1988
Granger,57612,57612,100.0,11/10/1988
Granger,57612,57612,100.0,11/11/1988
Granger,57612,57612,100.0,11/12/1988
Granger,57612,57612,100.0,11/13/1988
Granger,57612,57612,100.0,11/14/1988
Granger,57612,57612,100.0,11/15/1988
Granger,57612,57612,100.0,11/16/1988
Granger,57612,57612,100.0,11/17/1988
Granger,57612,57612,100.0,11/18/1988
Granger,57612,57612,100.0,11/19/1988
Granger,57612,57612,100.0,11/20/1988
Granger,57612,57612,100.0,11/21/1988
Granger,57612,57612,100.0,11/22/1988
Granger,57612,57612,100.0,11/23/1988
Granger,57612,57612,100.0,11/24/1988
Granger,57612,57612,100.0,11/25/1988
Granger,57612,57612,100.0,11/26/1988
Granger,57612,57612,100.0,11/27/1988
Granger,57612,57612,100.0,11/28/1988
Granger,57612,57612,100.0,11/29/1988
Granger,57612,57612,100.0,11/30/1988
Granger,57612,57612,100.0,12/01/1988
Granger,57612,57612,100.0,12/02/1988
Granger,57612,57612,100.0,12/03/1988
Granger,57612,57612,100.0,12/04/1988
Granger,57612,57612,100.0,12/05/1988
Granger,57612,57612,100.0,12/06/1988
Granger,57612,57612,100.0,12/07/1988
Granger,57612,57612,100.0,12/08/1988
Granger,57612,57612,100.0,12/09/1988
Granger,57612,57612,100.0,12/10/1988
Granger,57612,57612,100.0,12/11/1988
Granger,57612,57612,100.0,12/12/1988
Granger,57612,57612,100.0,12/13/1988
Granger,57612,57612,100.0,12/14/1988
Granger,57612,57612,100.0,12/15/1988
Granger,57612,57612,100.0,12/16/1988
Granger,57612,57612,100.0,12/17/1988
Granger,57612,57612,100.0,12/18/1988
Granger,57612,57612,100.0,12/19/1988
Granger,57612,57612,100.0,12/20/1988
Granger,57612,57612,100.0,12/21/1988
Granger,57612,57612,100.0,12/22/1988
Granger,57612,57612,100.0,12/23/1988
Granger,57612,57612,100.0,12/24/1988
Granger,57612,57612,100.0,12/25/1988
Granger,57612,57612,100.0,12/26/1988
Granger,57612,57612,100.0,12/27/1988
Granger,57612,57612,100.0,12/28/1988
Granger,57612,57612,100.0,12/29/1988
Granger,57612,57612,100.0,12/30/1988
Granger,57612,57612,100.0,12/31/1988
Granger,57612,57612,100.0,01/01/1989
Granger,57612,57612,100.0,01/02/1989
Granger,57612,57612,100.0,01/03/1989
Granger,57612,57612,100.0,01/04/1989
Granger,57612,57612,100.0,01/05/1989
Granger,57612,57612,100.0,01/06/1989
Granger,57612,57612,100.0,01/07/1989
Granger,57612,57612,100.0,01/08/1989
Granger,57612,57612,100.0,01/09/1989
Granger,57612,57612,100.0,01/10/1989
Granger,57612,57612,100.0,01/11/1989
Granger,57612,57612,100.0,01/12/1989
Granger,57612,57612,100.0,01/13/1989
Granger,57612,57612,100.0,01/14/1989
Granger,57612,57612,100.0,01/15/1989
Granger,57612,57612,100.0,01/16/1989
Granger,57612,57612,100.0,01/17/1989
Granger,57612,57612,100.0,01/18/1989
Granger,57612,57612,100.0,01/19/1989
Granger,57612,57612,100.0,01/20/1989
Granger,57612,57612,100.0,01/21/1989
Granger,57612,57612,100.0,01/22/1989
Granger,57612,57612,100.0,01/23/1989
Granger,57612,57612,100.0,01/24/1989
Granger,57612,57612,100.0,01/25/1989
Granger,57612,57612,100.0,01/26/1989
Granger,57612,57612,100.0,01/27/1989
Granger,57612,57612,100.0,01/28/1989
Granger,57612,57612,100.0,01/29/1989
Granger,57612,57612,100.0,01/30/1989
Granger,57612,57612,100.0,01/31/1989
Granger,57612,57612,100.0,02/01/1989
Granger,57612,57612,100.0,02/02/1989
Granger,57612,57612,100.0,02/03/1989
Granger,57612,57612,100.0,02/04/1989
Granger,57612,57612,100.0,02/05/1989
Granger,57612,57612,100.0,02/06/1989
Granger,57612,57612,100.0,02/07/1989
Granger,57612,57612,100.0,02/08/1989
Granger,57612,57612,100.0,02/09/1989
Granger,57612,57612,100.0,02/10/1989
Granger,57612,57612,100.0,02/11/1989
Granger,57612,57612,100.0,02/12/1989
Granger,57612,57612,100.0,02/13/1989
Granger,57612,57612,100.0,02/14/1989
Granger,57612,57612,100.0,02/15/1989
Granger,57612,57612,100.0,02/16/1989
Granger,57612,57612,100.0,02/17/1989
Granger,57612,57612,100.0,02/18/1989
Granger,57612,57612,100.0,02/19/1989
Granger,57612,57612,100.0,02/20/1989
Granger,57612,57612,100.0,02/21/1989
Granger,57612,57612,100.0,02/22/1989
Granger,57612,57612,100.0,02/23/1989
Granger,57612,57612,100.0,02/24/1989
Granger,57612,57612,100.0,02/25/1989
Granger,57612,57612,100.0,02/26/1989
Granger,57612,57612,100.0,02/27/1989
Granger,57612,57612,100.0,02/28/1989
Granger,57612,57612,100.0,03/01/1989
Granger,57612,57612,100.0,03/02/1989
Granger,57612,57612,100.0,03/03/1989
Granger,57612,57612,100.0,03/04/1989
Granger,57612,57612,100.0,03/05/1989
Granger,57612,57612,100.0,03/06/1989
Granger,57612,57612,100.0,03/07/1989
Granger,57612,57612,100.0,03/08/1989
Granger,57612,57612,100.0,03/09/1989
Granger,57612,57612,100.0,03/10/1989
Granger,57612,57612,100.0,03/11/1989
Granger,57612,57612,100.0,03/12/1989
Granger,57612,57612,100.0,03/13/1989
Granger,57612,57612,100.0,03/14/1989
Granger,57612,57612,100.0,03/15/1989
Granger,57612,57612,100.0,03/16/1989
Granger,57612,57612,100.0,03/17/1989
Granger,57612,57612,100.0,03/18/1989
Granger,57612,57612,100.0,03/19/1989
Granger,57612,57612,100.0,03/20/1989
Granger,57612,57612,100.0,03/21/1989
Granger,57612,57612,100.0,03/22/1989
Granger,57612,57612,100.0,03/23/1989
Granger,57612,57612,100.0,03/24/1989
Granger,57612,57612,100.0,03/25/1989
Granger,57612,57612,100.0,03/26/1989
Granger,57612,57612,100.0,03/27/1989
Granger,57612,57612,100.0,03/28/1989
Granger,57612,57612,100.0,03/29/1989
Granger,57612,57612,100.0,03/30/1989
Granger,57612,57612,100.0,03/31/1989
Granger,57612,57612,100.0,04/01/1989
Granger,57612,57612,100.0,04/02/1989
Granger,57612,57612,100.0,04/03/1989
Granger,57612,57612,100.0,04/04/1989
Granger,57612,57612,100.0,04/05/1989
Granger,57612,57612,100.0,04/06/1989
Granger,57612,57612,100.0,04/07/1989
Granger,57612,57612,100.0,04/08/1989
Granger,57612,57612,100.0,04/09/1989
Granger,57612,57612,100.0,04/10/1989
Granger,57612,57612,100.0,04/11/1989
Granger,57612,57612,100.0,04/12/1989
Granger,57612,57612,100.0,04/13/1989
Granger,57612,57612,100.0,04/14/1989
Granger,57612,57612,100.0,04/15/1989
Granger,57612,57612,100.0,04/16/1989
Granger,57612,57612,100.0,04/17/1989
Granger,57612,57612,100.0,04/18/1989
Granger,57612,57612,100.0,04/19/1989
Granger,57612,57612,100.0,04/20/1989
Granger,57612,57612,100.0,04/21/1989
Granger,57612,57612,100.0,04/22/1989
Granger,57612,57612,100.0,04/23/1989
Granger,57612,57612,100.0,04/24/1989
Granger,57612,57612,100.0,04/25/1989
Granger,57612,57612,100.0,04/26/1989
Granger,57612,57612,100.0,04/27/1989
Granger,57612,57612,100.0,04/28/1989
Granger,57612,57612,100.0,04/29/1989
Granger,57612,57612,100.0,04/30/1989
Granger,57612,57612,100.0,05/01/1989
Granger,57612,57612,100.0,05/02/1989
Granger,57612,57612,100.0,05/03/1989
Granger,57612,57612,100.0,05/04/1989
Granger,57612,57612,100.0,05/05/1989
Granger,57612,57612,100.0,05/06/1989
Granger,57612,57612,100.0,05/07/1989
Granger,57612,57612,100.0,05/08/1989
Granger,57612,57612,100.0,05/09/1989
Granger,57612,57612,100.0,05/10/1989
Granger,57612,57612,100.0,05/11/1989
Granger,57612,57612,100.0,05/12/1989
Granger,57612,57612,100.0,05/13/1989
Granger,57612,57612,100.0,05/14/1989
Granger,57612,57612,100.0,05/15/1989
Granger,57612,57612,100.0,05/16/1989
Granger,57612,57612,100.0,05/17/1989
Granger,57612,57612,100.0,05/18/1989
Granger,57612,57612,100.0,05/19/1989
Granger,57612,57612,100.0,05/20/1989
Granger,57612,57612,100.0,05/21/1989
Granger,57612,57612,100.0,05/22/1989
Granger,57612,57612,100.0,05/23/1989
Granger,57612,57612,100.0,05/24/1989
Granger,57612,57612,100.0,05/25/1989
Granger,57612,57612,100.0,05/26/1989
Granger,57612,57612,100.0,05/27/1989
Granger,57612,57612,100.0,05/28/1989
Granger,57612,57612,100.0,05/29/1989
Granger,57612,57612,100.0,05/30/1989
Granger,57612,57612,100.0,05/31/1989
Granger,57612,57612,100.0,06/01/1989
Granger,57612,57612,100.0,06/02/1989
Granger,57612,57612,100.0,06/03/1989
Granger,57612,57612,100.0,06/04/1989
Granger,57612,57612,100.0,06/05/1989
Granger,57612,57612,100.0,06/06/1989
Granger,57612,57612,100.0,06/07/1989
Granger,57612,57612,100.0,06/08/1989
Granger,57612,57612,100.0,06/09/1989
Granger,57612,57612,100.0,06/10/1989
Granger,57612,57612,100.0,06/11/1989
Granger,57612,57612,100.0,06/12/1989
Granger,57612,57612,100.0,06/13/1989
Granger,57612,57612,100.0,06/14/1989
Granger,57612,57612,100.0,06/15/1989
Granger,57612,57612,100.0,06/16/1989
Granger,57612,57612,100.0,06/17/1989
Granger,57612,57612,100.0,06/18/1989
Granger,57612,57612,100.0,06/19/1989
Granger,57612,57612,100.0,06/20/1989
Granger,57612,57612,100.0,06/21/1989
Granger,57612,57612,100.0,06/22/1989
Granger,57612,57612,100.0,06/23/1989
Granger,57612,57612,100.0,06/24/1989
Granger,57612,57612,100.0,06/25/1989
Granger,57612,57612,100.0,06/26/1989
Granger,57612,57612,100.0,06/27/1989
Granger,57612,57612,100.0,06/28/1989
Granger,57612,57612,100.0,06/29/1989
Granger,57612,57612,100.0,06/30/1989
Granger,57612,57612,100.0,07/01/1989
Granger,57612,57612,100.0,07/02/1989
Granger,57612,57612,100.0,07/03/1989
Granger,57612,57612,100.0,07/04/1989
Granger,57612,57612,100.0,07/05/1989
Granger,57612,57612,100.0,07/06/1989
Granger,57612,57612,100.0,07/07/1989
Granger,57612,57612,100.0,07/08/1989
Granger,57612,57612,100.0,07/09/1989
Granger,57612,57612,100.0,07/10/1989
Granger,57612,57612,100.0,07/11/1989
Granger,57612,57612,100.0,07/12/1989
Granger,57612,57612,100.0,07/13/1989
Granger,57612,57612,100.0,07/14/1989
Granger,57612,57612,100.0,07/15/1989
Granger,57612,57612,100.0,07/16/1989
Granger,57612,57612,100.0,07/17/1989
Granger,57612,57612,100.0,07/18/1989
Granger,57612,57612,100.0,07/19/1989
Granger,57612,57612,100.0,07/20/1989
Granger,57612,57612,100.0,07/21/1989
Granger,57612,57612,100.0,07/22/1989
Granger,57612,57612,100.0,07/23/1989
Granger,57612,57612,100.0,07/24/1989
Granger,57612,57612,100.0,07/25/1989
Granger,57612,57612,100.0,07/26/1989
Granger,57612,57612,100.0,07/27/1989
Granger,57612,57612,100.0,07/28/1989
Granger,57612,57612,100.0,07/29/1989
Granger,57612,57612,100.0,07/30/1989
Granger,57612,57612,100.0,07/31/1989
Granger,57612,57612,100.0,08/01/1989
Granger,57612,57612,100.0,08/02/1989
Granger,57612,57612,100.0,08/03/1989
Granger,57612,57612,100.0,08/04/1989
Granger,57612,57612,100.0,08/05/1989
Granger,57612,57612,100.0,08/06/1989
Granger,57612,57612,100.0,08/07/1989
Granger,57612,57612,100.0,08/08/1989
Granger,57612,57612,100.0,08/09/1989
Granger,57612,57612,100.0,08/10/1989
Granger,57612,57612,100.0,08/11/1989
Granger,57612,57612,100.0,08/12/1989
Granger,57612,57612,100.0,08/13/1989
Granger,57612,57612,100.0,08/14/1989
Granger,57612,57612,100.0,08/15/1989
Granger,57612,57612,100.0,08/16/1989
Granger,57612,57612,100.0,08/17/1989
Granger,57612,57612,100.0,08/18/1989
Granger,57612,57612,100.0,08/19/1989
Granger,57612,57612,100.0,08/20/1989
Granger,57612,57612,100.0,08/21/1989
Granger,57612,57612,100.0,08/22/1989
Granger,57612,57612,100.0,08/23/1989
Granger,57612,57612,100.0,08/24/1989
Granger,57612,57612,100.0,08/25/1989
Granger,57612,57612,100.0,08/26/1989
Granger,57612,57612,100.0,08/27/1989
Granger,57612,57612,100.0,08/28/1989
Granger,57612,57612,100.0,08/29/1989
Granger,57612,57612,100.0,08/30/1989
Granger,57612,57612,100.0,08/31/1989
Granger,57612,57612,100.0,09/01/1989
Granger,57612,57612,100.0,09/02/1989
Granger,57612,57612,100.0,09/03/1989
Granger,57612,57612,100.0,09/04/1989
Granger,57612,57612,100.0,09/05/1989
Granger,57612,57612,100.0,09/06/1989
Granger,57612,57612,100.0,09/07/1989
Granger,57612,57612,100.0,09/08/1989
Granger,57612,57612,100.0,09/09/1989
Granger,57612,57612,100.0,09/10/1989
Granger,57612,57612,100.0,09/11/1989
Granger,57612,57612,100.0,09/12/1989
Granger,57612,57612,100.0,09/13/1989
Granger,57612,57612,100.0,09/14/1989
Granger,57612,57612,100.0,09/15/1989
Granger,57612,57612,100.0,09/16/1989
Granger,57612,57612,100.0,09/17/1989
Granger,57612,57612,100.0,09/18/1989
Granger,57612,57612,100.0,09/19/1989
Granger,57612,57612,100.0,09/20/1989
Granger,57612,57612,100.0,09/21/1989
Granger,57612,57612,100.0,09/22/1989
Granger,57612,57612,100.0,09/23/1989
Granger,57612,57612,100.0,09/24/1989
Granger,57612,57612,100.0,09/25/1989
Granger,57612,57612,100.0,09/26/1989
Granger,57612,57612,100.0,09/27/1989
Granger,57612,57612,100.0,09/28/1989
Granger,57612,57612,100.0,09/29/1989
Granger,57612,57612,100.0,09/30/1989
Granger,57612,57612,100.0,10/01/1989
Granger,57612,57612,100.0,10/02/1989
Granger,57612,57612,100.0,10/03/1989
Granger,57612,57612,100.0,10/04/1989
Granger,57612,57612,100.0,10/05/1989
Granger,57612,57612,100.0,10/06/1989
Granger,57612,57612,100.0,10/07/1989
Granger,57612,57612,100.0,10/08/1989
Granger,57612,57612,100.0,10/09/1989
Granger,57612,57612,100.0,10/10/1989
Granger,57612,57612,100.0,10/11/1989
Granger,57612,57612,100.0,10/12/1989
Granger,57612,57612,100.0,10/13/1989
Granger,57612,57612,100.0,10/14/1989
Granger,57612,57612,100.0,10/15/1989
Granger,57612,57612,100.0,10/16/1989
Granger,57612,57612,100.0,10/17/1989
Granger,57612,57612,100.0,10/18/1989
Granger,57612,57612,100.0,10/19/1989
Granger,57612,57612,100.0,10/20/1989
Granger,57612,57612,100.0,10/21/1989
Granger,57612,57612,100.0,10/22/1989
Granger,57612,57612,100.0,10/23/1989
Granger,57612,57612,100.0,10/24/1989
Granger,57612,57612,100.0,10/25/1989
Granger,57612,57612,100.0,10/26/1989
Granger,57612,57612,100.0,10/27/1989
Granger,57612,57612,100.0,10/28/1989
Granger,57612,57612,100.0,10/29/1989
Granger,57612,57612,100.0,10/30/1989
Granger,57612,57612,100.0,10/31/1989
Granger,57612,57612,100.0,11/01/1989
Granger,57612,57612,100.0,11/02/1989
Granger,57612,57612,100.0,11/03/1989
Granger,57612,57612,100.0,11/04/1989
Granger,57612,57612,100.0,11/05/1989
Granger,57612,57612,100.0,11/06/1989
Granger,57612,57612,100.0,11/07/1989
Granger,57612,57612,100.0,11/08/1989
Granger,57612,57612,100.0,11/09/1989
Granger,57612,57612,100.0,11/10/1989
Granger,57612,57612,100.0,11/11/1989
Granger,57612,57612,100.0,11/12/1989
Granger,57612,57612,100.0,11/13/1989
Granger,57612,57612,100.0,11/14/1989
Granger,57612,57612,100.0,11/15/1989
Granger,57612,57612,100.0,11/16/1989
Granger,57612,57612,100.0,11/17/1989
Granger,57612,57612,100.0,11/18/1989
Granger,57612,57612,100.0,11/19/1989
Granger,57612,57612,100.0,11/20/1989
Granger,57612,57612,100.0,11/21/1989
Granger,57612,57612,100.0,11/22/1989
Granger,57612,57612,100.0,11/23/1989
Granger,57612,57612,100.0,11/24/1989
Granger,57612,57612,100.0,11/25/1989
Granger,57612,57612,100.0,11/26/1989
Granger,57612,57612,100.0,11/27/1989
Granger,57612,57612,100.0,11/28/1989
Granger,57612,57612,100.0,11/29/1989
Granger,57612,57612,100.0,11/30/1989
Granger,57612,57612,100.0,12/01/1989
Granger,57612,57612,100.0,12/02/1989
Granger,57612,57612,100.0,12/03/1989
Granger,57612,57612,100.0,12/04/1989
Granger,57612,57612,100.0,12/05/1989
Granger,57612,57612,100.0,12/06/1989
Granger,57612,57612,100.0,12/07/1989
Granger,57612,57612,100.0,12/08/1989
Granger,57612,57612,100.0,12/09/1989
Granger,57612,57612,100.0,12/10/1989
Granger,57612,57612,100.0,12/11/1989
Granger,57612,57612,100.0,12/12/1989
Granger,57612,57612,100.0,12/13/1989
Granger,57612,57612,100.0,12/14/1989
Granger,57612,57612,100.0,12/15/1989
Granger,57612,57612,100.0,12/16/1989
Granger,57612,57612,100.0,12/17/1989
Granger,57612,57612,100.0,12/18/1989
Granger,57612,57612,100.0,12/19/1989
Granger,57612,57612,100.0,12/20/1989
Granger,57612,57612,100.0,12/21/1989
Granger,57612,57612,100.0,12/22/1989
Granger,57612,57612,100.0,12/23/1989
Granger,57612,57612,100.0,12/24/1989
Granger,57612,57612,100.0,12/25/1989
Granger,57612,57612,100.0,12/26/1989
Granger,57612,57612,100.0,12/27/1989
Granger,57612,57612,100.0,12/28/1989
Granger,57612,57612,100.0,12/29/1989
Granger,57612,57612,100.0,12/30/1989
Granger,57612,57612,100.0,12/31/1989
Granger,57612,57612,100.0,01/01/1990
Granger,57612,57612,100.0,01/02/1990
Granger,57612,57612,100.0,01/03/1990
Granger,57612,57612,100.0,01/04/1990
Granger,57612,57612,100.0,01/05/1990
Granger,57612,57612,100.0,01/06/1990
Granger,57612,57612,100.0,01/07/1990
Granger,57612,57612,100.0,01/08/1990
Granger,57612,57612,100.0,01/09/1990
Granger,57612,57612,100.0,01/10/1990
Granger,57612,57612,100.0,01/11/1990
Granger,57612,57612,100.0,01/12/1990
Granger,57612,57612,100.0,01/13/1990
Granger,57612,57612,100.0,01/14/1990
Granger,57612,57612,100.0,01/15/1990
Granger,57612,57612,100.0,01/16/1990
Granger,57612,57612,100.0,01/17/1990
Granger,57612,57612,100.0,01/18/1990
Granger,57612,57612,100.0,01/19/1990
Granger,57612,57612,100.0,01/20/1990
Granger,57612,57612,100.0,01/21/1990
Granger,57612,57612,100.0,01/22/1990
Granger,57612,57612,100.0,01/23/1990
Granger,57612,57612,100.0,01/24/1990
Granger,57612,57612,100.0,01/25/1990
Granger,57612,57612,100.0,01/26/1990
Granger,57612,57612,100.0,01/27/1990
Granger,57612,57612,100.0,01/28/1990
Granger,57612,57612,100.0,01/29/1990
Granger,57612,57612,100.0,01/30/1990
Granger,57612,57612,100.0,01/31/1990
Granger,57612,57612,100.0,02/01/1990
Granger,57612,57612,100.0,02/02/1990
Granger,57612,57612,100.0,02/03/1990
Granger,57612,57612,100.0,02/04/1990
Granger,57612,57612,100.0,02/05/1990
Granger,57612,57612,100.0,02/06/1990
Granger,57612,57612,100.0,02/07/1990
Granger,57612,57612,100.0,02/08/1990
Granger,57612,57612,100.0,02/09/1990
Granger,57612,57612,100.0,02/10/1990
Granger,57612,57612,100.0,02/11/1990
Granger,57612,57612,100.0,02/12/1990
Granger,57612,57612,100.0,02/13/1990
Granger,57612,57612,100.0,02/14/1990
Granger,57612,57612,100.0,02/15/1990
Granger,57612,57612,100.0,02/16/1990
Granger,57612,57612,100.0,02/17/1990
Granger,57612,57612,100.0,02/18/1990
Granger,57612,57612,100.0,02/19/1990
Granger,57612,57612,100.0,02/20/1990
Granger,57612,57612,100.0,02/21/1990
Granger,57612,57612,100.0,02/22/1990
Granger,57612,57612,100.0,02/23/1990
Granger,57612,57612,100.0,02/24/1990
Granger,57612,57612,100.0,02/25/1990
Granger,57612,57612,100.0,02/26/1990
Granger,57612,57612,100.0,02/27/1990
Granger,57612,57612,100.0,02/28/1990
Granger,57612,57612,100.0,03/01/1990
Granger,57612,57612,100.0,03/02/1990
Granger,57612,57612,100.0,03/03/1990
Granger,57612,57612,100.0,03/04/1990
Granger,57612,57612,100.0,03/05/1990
Granger,57612,57612,100.0,03/06/1990
Granger,57612,57612,100.0,03/07/1990
Granger,57612,57612,100.0,03/08/1990
Granger,57612,57612,100.0,03/09/1990
Granger,57612,57612,100.0,03/10/1990
Granger,57612,57612,100.0,03/11/1990
Granger,57612,57612,100.0,03/12/1990
Granger,57612,57612,100.0,03/13/1990
Granger,57612,57612,100.0,03/14/1990
Granger,57612,57612,100.0,03/15/1990
Granger,57612,57612,100.0,03/16/1990
Granger,57612,57612,100.0,03/17/1990
Granger,57612,57612,100.0,03/18/1990
Granger,57612,57612,100.0,03/19/1990
Granger,57612,57612,100.0,03/20/1990
Granger,57612,57612,100.0,03/21/1990
Granger,57612,57612,100.0,03/22/1990
Granger,57612,57612,100.0,03/23/1990
Granger,57612,57612,100.0,03/24/1990
Granger,57612,57612,100.0,03/25/1990
Granger,57612,57612,100.0,03/26/1990
Granger,57612,57612,100.0,03/27/1990
Granger,57612,57612,100.0,03/28/1990
Granger,57612,57612,100.0,03/29/1990
Granger,57612,57612,100.0,03/30/1990
Granger,57612,57612,100.0,03/31/1990
Granger,57612,57612,100.0,04/01/1990
Granger,57612,57612,100.0,04/02/1990
Granger,57612,57612,100.0,04/03/1990
Granger,57612,57612,100.0,04/04/1990
Granger,57612,57612,100.0,04/05/1990
Granger,57612,57612,100.0,04/06/1990
Granger,57612,57612,100.0,04/07/1990
Granger,57612,57612,100.0,04/08/1990
Granger,57612,57612,100.0,04/09/1990
Granger,57612,57612,100.0,04/10/1990
Granger,57612,57612,100.0,04/11/1990
Granger,57612,57612,100.0,04/12/1990
Granger,57612,57612,100.0,04/13/1990
Granger,57612,57612,100.0,04/14/1990
Granger,57612,57612,100.0,04/15/1990
Granger,57612,57612,100.0,04/16/1990
Granger,57612,57612,100.0,04/17/1990
Granger,57612,57612,100.0,04/18/1990
Granger,57612,57612,100.0,04/19/1990
Granger,57612,57612,100.0,04/20/1990
Granger,57612,57612,100.0,04/21/1990
Granger,57612,57612,100.0,04/22/1990
Granger,57612,57612,100.0,04/23/1990
Granger,57612,57612,100.0,04/24/1990
Granger,57612,57612,100.0,04/25/1990
Granger,57612,57612,100.0,04/26/1990
Granger,57612,57612,100.0,04/27/1990
Granger,57612,57612,100.0,04/28/1990
Granger,57612,57612,100.0,04/29/1990
Granger,57612,57612,100.0,04/30/1990
Granger,57612,57612,100.0,05/01/1990
Granger,57612,57612,100.0,05/02/1990
Granger,57612,57612,100.0,05/03/1990
Granger,57612,57612,100.0,05/04/1990
Granger,57612,57612,100.0,05/05/1990
Granger,57612,57612,100.0,05/06/1990
Granger,57612,57612,100.0,05/07/1990
Granger,57612,57612,100.0,05/08/1990
Granger,57612,57612,100.0,05/09/1990
Granger,57612,57612,100.0,05/10/1990
Granger,57612,57612,100.0,05/11/1990
Granger,57612,57612,100.0,05/12/1990
Granger,57612,57612,100.0,05/13/1990
Granger,57612,57612,100.0,05/14/1990
Granger,57612,57612,100.0,05/15/1990
Granger,57612,57612,100.0,05/16/1990
Granger,57612,57612,100.0,05/17/1990
Granger,57612,57612,100.0,05/18/1990
Granger,57612,57612,100.0,05/19/1990
Granger,57612,57612,100.0,05/20/1990
Granger,57612,57612,100.0,05/21/1990
Granger,57612,57612,100.0,05/22/1990
Granger,57612,57612,100.0,05/23/1990
Granger,57612,57612,100.0,05/24/1990
Granger,57612,57612,100.0,05/25/1990
Granger,57612,57612,100.0,05/26/1990
Granger,57612,57612,100.0,05/27/1990
Granger,57612,57612,100.0,05/28/1990
Granger,57612,57612,100.0,05/29/1990
Granger,57612,57612,100.0,05/30/1990
Granger,57612,57612,100.0,05/31/1990
Granger,57612,57612,100.0,06/01/1990
Granger,57612,57612,100.0,06/02/1990
Granger,57612,57612,100.0,06/03/1990
Granger,57612,57612,100.0,06/04/1990
Granger,57612,57612,100.0,06/05/1990
Granger,57612,57612,100.0,06/06/1990
Granger,57612,57612,100.0,06/07/1990
Granger,57612,57612,100.0,06/08/1990
Granger,57612,57612,100.0,06/09/1990
Granger,57612,57612,100.0,06/10/1990
Granger,57612,57612,100.0,06/11/1990
Granger,57612,57612,100.0,06/12/1990
Granger,57612,57612,100.0,06/13/1990
Granger,57612,57612,100.0,06/14/1990
Granger,57612,57612,100.0,06/15/1990
Granger,57612,57612,100.0,06/16/1990
Granger,57612,57612,100.0,06/17/1990
Granger,57612,57612,100.0,06/18/1990
Granger,57612,57612,100.0,06/19/1990
Granger,57612,57612,100.0,06/20/1990
Granger,57612,57612,100.0,06/21/1990
Granger,57612,57612,100.0,06/22/1990
Granger,57612,57612,100.0,06/23/1990
Granger,57612,57612,100.0,06/24/1990
Granger,57612,57612,100.0,06/25/1990
Granger,57612,57612,100.0,06/26/1990
Granger,57612,57612,100.0,06/27/1990
Granger,57612,57612,100.0,06/28/1990
Granger,57612,57612,100.0,06/29/1990
Granger,57612,57612,100.0,06/30/1990
Granger,57612,57612,100.0,07/01/1990
Granger,57612,57612,100.0,07/02/1990
Granger,57612,57612,100.0,07/03/1990
Granger,57612,57612,100.0,07/04/1990
Granger,57612,57612,100.0,07/05/1990
Granger,57612,57612,100.0,07/06/1990
Granger,57612,57612,100.0,07/07/1990
Granger,57612,57612,100.0,07/08/1990
Granger,57612,57612,100.0,07/09/1990
Granger,57612,57612,100.0,07/10/1990
Granger,57612,57612,100.0,07/11/1990
Granger,57612,57612,100.0,07/12/1990
Granger,57612,57612,100.0,07/13/1990
Granger,57612,57612,100.0,07/14/1990
Granger,57612,57612,100.0,07/15/1990
Granger,57612,57612,100.0,07/16/1990
Granger,57612,57612,100.0,07/17/1990
Granger,57612,57612,100.0,07/18/1990
Granger,57612,57612,100.0,07/19/1990
Granger,57612,57612,100.0,07/20/1990
Granger,57612,57612,100.0,07/21/1990
Granger,57612,57612,100.0,07/22/1990
Granger,57612,57612,100.0,07/23/1990
Granger,57612,57612,100.0,07/24/1990
Granger,57612,57612,100.0,07/25/1990
Granger,57612,57612,100.0,07/26/1990
Granger,57612,57612,100.0,07/27/1990
Granger,57612,57612,100.0,07/28/1990
Granger,57612,57612,100.0,07/29/1990
Granger,57612,57612,100.0,07/30/1990
Granger,57612,57612,100.0,07/31/1990
Granger,57612,57612,100.0,08/01/1990
Granger,57612,57612,100.0,08/02/1990
Granger,57612,57612,100.0,08/03/1990
Granger,57612,57612,100.0,08/04/1990
Granger,57612,57612,100.0,08/05/1990
Granger,57612,57612,100.0,08/06/1990
Granger,57612,57612,100.0,08/07/1990
Granger,57612,57612,100.0,08/08/1990
Granger,57612,57612,100.0,08/09/1990
Granger,57612,57612,100.0,08/10/1990
Granger,57612,57612,100.0,08/11/1990
Granger,57612,57612,100.0,08/12/1990
Granger,57612,57612,100.0,08/13/1990
Granger,57612,57612,100.0,08/14/1990
Granger,57612,57612,100.0,08/15/1990
Granger,57612,57612,100.0,08/16/1990
Granger,57612,57612,100.0,08/17/1990
Granger,57612,57612,100.0,08/18/1990
Granger,57612,57612,100.0,08/19/1990
Granger,57612,57612,100.0,08/20/1990
Granger,57612,57612,100.0,08/21/1990
Granger,57612,57612,100.0,08/22/1990
Granger,57612,57612,100.0,08/23/1990
Granger,57612,57612,100.0,08/24/1990
Granger,57612,57612,100.0,08/25/1990
Granger,57612,57612,100.0,08/26/1990
Granger,57612,57612,100.0,08/27/1990
Granger,57612,57612,100.0,08/28/1990
Granger,57612,57612,100.0,08/29/1990
Granger,57612,57612,100.0,08/30/1990
Granger,57612,57612,100.0,08/31/1990
Granger,57612,57612,100.0,09/01/1990
Granger,57612,57612,100.0,09/02/1990
Granger,57612,57612,100.0,09/03/1990
Granger,57612,57612,100.0,09/04/1990
Granger,57612,57612,100.0,09/05/1990
Granger,57612,57612,100.0,09/06/1990
Granger,57612,57612,100.0,09/07/1990
Granger,57612,57612,100.0,09/08/1990
Granger,57612,57612,100.0,09/09/1990
Granger,57612,57612,100.0,09/10/1990
Granger,57612,57612,100.0,09/11/1990
Granger,57612,57612,100.0,09/12/1990
Granger,57612,57612,100.0,09/13/1990
Granger,57612,57612,100.0,09/14/1990
Granger,57612,57612,100.0,09/15/1990
Granger,57612,57612,100.0,09/16/1990
Granger,57612,57612,100.0,09/17/1990
Granger,57612,57612,100.0,09/18/1990
Granger,57612,57612,100.0,09/19/1990
Granger,57612,57612,100.0,09/20/1990
Granger,57612,57612,100.0,09/21/1990
Granger,57612,57612,100.0,09/22/1990
Granger,57612,57612,100.0,09/23/1990
Granger,57612,57612,100.0,09/24/1990
Granger,57612,57612,100.0,09/25/1990
Granger,57612,57612,100.0,09/26/1990
Granger,57612,57612,100.0,09/27/1990
Granger,57612,57612,100.0,09/28/1990
Granger,57612,57612,100.0,09/29/1990
Granger,57612,57612,100.0,09/30/1990
Granger,57612,57612,100.0,10/01/1990
Granger,57612,57612,100.0,10/02/1990
Granger,57612,57612,100.0,10/03/1990
Granger,57612,57612,100.0,10/04/1990
Granger,57612,57612,100.0,10/05/1990
Granger,57612,57612,100.0,10/06/1990
Granger,57612,57612,100.0,10/07/1990
Granger,57612,57612,100.0,10/08/1990
Granger,57612,57612,100.0,10/09/1990
Granger,57612,57612,100.0,10/10/1990
Granger,57612,57612,100.0,10/11/1990
Granger,57612,57612,100.0,10/12/1990
Granger,57612,57612,100.0,10/13/1990
Granger,57612,57612,100.0,10/14/1990
Granger,57612,57612,100.0,10/15/1990
Granger,57612,57612,100.0,10/16/1990
Granger,57612,57612,100.0,10/17/1990
Granger,57612,57612,100.0,10/18/1990
Granger,57612,57612,100.0,10/19/1990
Granger,57612,57612,100.0,10/20/1990
Granger,57612,57612,100.0,10/21/1990
Granger,57612,57612,100.0,10/22/1990
Granger,57612,57612,100.0,10/23/1990
Granger,57612,57612,100.0,10/24/1990
Granger,57612,57612,100.0,10/25/1990
Granger,57612,57612,100.0,10/26/1990
Granger,57612,57612,100.0,10/27/1990
Granger,57612,57612,100.0,10/28/1990
Granger,57612,57612,100.0,10/29/1990
Granger,57612,57612,100.0,10/30/1990
Granger,57612,57612,100.0,10/31/1990
Granger,57612,57612,100.0,11/01/1990
Granger,57612,57612,100.0,11/02/1990
Granger,57612,57612,100.0,11/03/1990
Granger,57612,57612,100.0,11/04/1990
Granger,57612,57612,100.0,11/05/1990
Granger,57612,57612,100.0,11/06/1990
Granger,57612,57612,100.0,11/07/1990
Granger,57612,57612,100.0,11/08/1990
Granger,57612,57612,100.0,11/09/1990
Granger,57612,57612,100.0,11/10/1990
Granger,57612,57612,100.0,11/11/1990
Granger,57612,57612,100.0,11/12/1990
Granger,57612,57612,100.0,11/13/1990
Granger,57612,57612,100.0,11/14/1990
Granger,57612,57612,100.0,11/15/1990
Granger,57612,57612,100.0,11/16/1990
Granger,57612,57612,100.0,11/17/1990
Granger,57612,57612,100.0,11/18/1990
Granger,57612,57612,100.0,11/19/1990
Granger,57612,57612,100.0,11/20/1990
Granger,57612,57612,100.0,11/21/1990
Granger,57612,57612,100.0,11/22/1990
Granger,57612,57612,100.0,11/23/1990
Granger,57612,57612,100.0,11/24/1990
Granger,57612,57612,100.0,11/25/1990
Granger,57612,57612,100.0,11/26/1990
Granger,57612,57612,100.0,11/27/1990
Granger,57612,57612,100.0,11/28/1990
Granger,57612,57612,100.0,11/29/1990
Granger,57612,57612,100.0,11/30/1990
Granger,57612,57612,100.0,12/01/1990
Granger,57612,57612,100.0,12/02/1990
Granger,57612,57612,100.0,12/03/1990
Granger,57612,57612,100.0,12/04/1990
Granger,57612,57612,100.0,12/05/1990
Granger,57612,57612,100.0,12/06/1990
Granger,57612,57612,100.0,12/07/1990
Granger,57612,57612,100.0,12/08/1990
Granger,57612,57612,100.0,12/09/1990
Granger,57612,57612,100.0,12/10/1990
Granger,57612,57612,100.0,12/11/1990
Granger,57612,57612,100.0,12/12/1990
Granger,57612,57612,100.0,12/13/1990
Granger,57612,57612,100.0,12/14/1990
Granger,57612,57612,100.0,12/15/1990
Granger,57612,57612,100.0,12/16/1990
Granger,57612,57612,100.0,12/17/1990
Granger,57612,57612,100.0,12/18/1990
Granger,57612,57612,100.0,12/19/1990
Granger,57612,57612,100.0,12/20/1990
Granger,57612,57612,100.0,12/21/1990
Granger,57612,57612,100.0,12/22/1990
Granger,57612,57612,100.0,12/23/1990
Granger,57612,57612,100.0,12/24/1990
Granger,57612,57612,100.0,12/25/1990
Granger,57612,57612,100.0,12/26/1990
Granger,57612,57612,100.0,12/27/1990
Granger,57612,57612,100.0,12/28/1990
Granger,57612,57612,100.0,12/29/1990
Granger,57612,57612,100.0,12/30/1990
Granger,57612,57612,100.0,12/31/1990
Granger,57612,57612,100.0,01/01/1991
Granger,57612,57612,100.0,01/02/1991
Granger,57612,57612,100.0,01/03/1991
Granger,57612,57612,100.0,01/04/1991
Granger,57612,57612,100.0,01/05/1991
Granger,57612,57612,100.0,01/06/1991
Granger,57612,57612,100.0,01/07/1991
Granger,57612,57612,100.0,01/08/1991
Granger,57612,57612,100.0,01/09/1991
Granger,57612,57612,100.0,01/10/1991
Granger,57612,57612,100.0,01/11/1991
Granger,57612,57612,100.0,01/12/1991
Granger,57612,57612,100.0,01/13/1991
Granger,57612,57612,100.0,01/14/1991
Granger,57612,57612,100.0,01/15/1991
Granger,57612,57612,100.0,01/16/1991
Granger,57612,57612,100.0,01/17/1991
Granger,57612,57612,100.0,01/18/1991
Granger,57612,57612,100.0,01/19/1991
Granger,57612,57612,100.0,01/20/1991
Granger,57612,57612,100.0,01/21/1991
Granger,57612,57612,100.0,01/22/1991
Granger,57612,57612,100.0,01/23/1991
Granger,57612,57612,100.0,01/24/1991
Granger,57612,57612,100.0,01/25/1991
Granger,57612,57612,100.0,01/26/1991
Granger,57612,57612,100.0,01/27/1991
Granger,57612,57612,100.0,01/28/1991
Granger,57612,57612,100.0,01/29/1991
Granger,57612,57612,100.0,01/30/1991
Granger,57612,57612,100.0,01/31/1991
Granger,57612,57612,100.0,02/01/1991
Granger,57612,57612,100.0,02/02/1991
Granger,57612,57612,100.0,02/03/1991
Granger,57612,57612,100.0,02/04/1991
Granger,57612,57612,100.0,02/05/1991
Granger,57612,57612,100.0,02/06/1991
Granger,57612,57612,100.0,02/07/1991
Granger,57612,57612,100.0,02/08/1991
Granger,57612,57612,100.0,02/09/1991
Granger,57612,57612,100.0,02/10/1991
Granger,57612,57612,100.0,02/11/1991
Granger,57612,57612,100.0,02/12/1991
Granger,57612,57612,100.0,02/13/1991
Granger,57612,57612,100.0,02/14/1991
Granger,57612,57612,100.0,02/15/1991
Granger,57612,57612,100.0,02/16/1991
Granger,57612,57612,100.0,02/17/1991
Granger,57612,57612,100.0,02/18/1991
Granger,57612,57612,100.0,02/19/1991
Granger,57612,57612,100.0,02/20/1991
Granger,57612,57612,100.0,02/21/1991
Granger,57612,57612,100.0,02/22/1991
Granger,57612,57612,100.0,02/23/1991
Granger,57612,57612,100.0,02/24/1991
Granger,57612,57612,100.0,02/25/1991
Granger,57612,57612,100.0,02/26/1991
Granger,57612,57612,100.0,02/27/1991
Granger,57612,57612,100.0,02/28/1991
Granger,57612,57612,100.0,03/01/1991
Granger,57612,57612,100.0,03/02/1991
Granger,57612,57612,100.0,03/03/1991
Granger,57612,57612,100.0,03/04/1991
Granger,57612,57612,100.0,03/05/1991
Granger,57612,57612,100.0,03/06/1991
Granger,57612,57612,100.0,03/07/1991
Granger,57612,57612,100.0,03/08/1991
Granger,57612,57612,100.0,03/09/1991
Granger,57612,57612,100.0,03/10/1991
Granger,57612,57612,100.0,03/11/1991
Granger,57612,57612,100.0,03/12/1991
Granger,57612,57612,100.0,03/13/1991
Granger,57612,57612,100.0,03/14/1991
Granger,57612,57612,100.0,03/15/1991
Granger,57612,57612,100.0,03/16/1991
Granger,57612,57612,100.0,03/17/1991
Granger,57612,57612,100.0,03/18/1991
Granger,57612,57612,100.0,03/19/1991
Granger,57612,57612,100.0,03/20/1991
Granger,57612,57612,100.0,03/21/1991
Granger,57612,57612,100.0,03/22/1991
Granger,57612,57612,100.0,03/23/1991
Granger,57612,57612,100.0,03/24/1991
Granger,57612,57612,100.0,03/25/1991
Granger,57612,57612,100.0,03/26/1991
Granger,57612,57612,100.0,03/27/1991
Granger,57612,57612,100.0,03/28/1991
Granger,57612,57612,100.0,03/29/1991
Granger,57612,57612,100.0,03/30/1991
Granger,57612,57612,100.0,03/31/1991
Granger,57612,57612,100.0,04/01/1991
Granger,57612,57612,100.0,04/02/1991
Granger,57612,57612,100.0,04/03/1991
Granger,57612,57612,100.0,04/04/1991
Granger,57612,57612,100.0,04/05/1991
Granger,57612,57612,100.0,04/06/1991
Granger,57612,57612,100.0,04/07/1991
Granger,57612,57612,100.0,04/08/1991
Granger,57612,57612,100.0,04/09/1991
Granger,57612,57612,100.0,04/10/1991
Granger,57612,57612,100.0,04/11/1991
Granger,57612,57612,100.0,04/12/1991
Granger,57612,57612,100.0,04/13/1991
Granger,57612,57612,100.0,04/14/1991
Granger,57612,57612,100.0,04/15/1991
Granger,57612,57612,100.0,04/16/1991
Granger,57612,57612,100.0,04/17/1991
Granger,57612,57612,100.0,04/18/1991
Granger,57612,57612,100.0,04/19/1991
Granger,57612,57612,100.0,04/20/1991
Granger,57612,57612,100.0,04/21/1991
Granger,57612,57612,100.0,04/22/1991
Granger,57612,57612,100.0,04/23/1991
Granger,57612,57612,100.0,04/24/1991
Granger,57612,57612,100.0,04/25/1991
Granger,57612,57612,100.0,04/26/1991
Granger,57612,57612,100.0,04/27/1991
Granger,57612,57612,100.0,04/28/1991
Granger,57612,57612,100.0,04/29/1991
Granger,57612,57612,100.0,04/30/1991
Granger,57612,57612,100.0,05/01/1991
Granger,57612,57612,100.0,05/02/1991
Granger,57612,57612,100.0,05/03/1991
Granger,57612,57612,100.0,05/04/1991
Granger,57612,57612,100.0,05/05/1991
Granger,57612,57612,100.0,05/06/1991
Granger,57612,57612,100.0,05/07/1991
Granger,57612,57612,100.0,05/08/1991
Granger,57612,57612,100.0,05/09/1991
Granger,57612,57612,100.0,05/10/1991
Granger,57612,57612,100.0,05/11/1991
Granger,57612,57612,100.0,05/12/1991
Granger,57612,57612,100.0,05/13/1991
Granger,57612,57612,100.0,05/14/1991
Granger,57612,57612,100.0,05/15/1991
Granger,57612,57612,100.0,05/16/1991
Granger,57612,57612,100.0,05/17/1991
Granger,57612,57612,100.0,05/18/1991
Granger,57612,57612,100.0,05/19/1991
Granger,57612,57612,100.0,05/20/1991
Granger,57612,57612,100.0,05/21/1991
Granger,57612,57612,100.0,05/22/1991
Granger,57612,57612,100.0,05/23/1991
Granger,57612,57612,100.0,05/24/1991
Granger,57612,57612,100.0,05/25/1991
Granger,57612,57612,100.0,05/26/1991
Granger,57612,57612,100.0,05/27/1991
Granger,57612,57612,100.0,05/28/1991
Granger,57612,57612,100.0,05/29/1991
Granger,57612,57612,100.0,05/30/1991
Granger,57612,57612,100.0,05/31/1991
Granger,57612,57612,100.0,06/01/1991
Granger,57612,57612,100.0,06/02/1991
Granger,57612,57612,100.0,06/03/1991
Granger,57612,57612,100.0,06/04/1991
Granger,57612,57612,100.0,06/05/1991
Granger,57612,57612,100.0,06/06/1991
Granger,57612,57612,100.0,06/07/1991
Granger,57612,57612,100.0,06/08/1991
Granger,57612,57612,100.0,06/09/1991
Granger,57612,57612,100.0,06/10/1991
Granger,57612,57612,100.0,06/11/1991
Granger,57612,57612,100.0,06/12/1991
Granger,57612,57612,100.0,06/13/1991
Granger,57612,57612,100.0,06/14/1991
Granger,57612,57612,100.0,06/15/1991
Granger,57612,57612,100.0,06/16/1991
Granger,57612,57612,100.0,06/17/1991
Granger,57612,57612,100.0,06/18/1991
Granger,57612,57612,100.0,06/19/1991
Granger,57612,57612,100.0,06/20/1991
Granger,57612,57612,100.0,06/21/1991
Granger,57612,57612,100.0,06/22/1991
Granger,57612,57612,100.0,06/23/1991
Granger,57612,57612,100.0,06/24/1991
Granger,57612,57612,100.0,06/25/1991
Granger,57612,57612,100.0,06/26/1991
Granger,57612,57612,100.0,06/27/1991
Granger,57612,57612,100.0,06/28/1991
Granger,57612,57612,100.0,06/29/1991
Granger,57612,57612,100.0,06/30/1991
Granger,57612,57612,100.0,07/01/1991
Granger,57612,57612,100.0,07/02/1991
Granger,57612,57612,100.0,07/03/1991
Granger,57612,57612,100.0,07/04/1991
Granger,57612,57612,100.0,07/05/1991
Granger,57612,57612,100.0,07/06/1991
Granger,57612,57612,100.0,07/07/1991
Granger,57612,57612,100.0,07/08/1991
Granger,57612,57612,100.0,07/09/1991
Granger,57612,57612,100.0,07/10/1991
Granger,57612,57612,100.0,07/11/1991
Granger,57612,57612,100.0,07/12/1991
Granger,57612,57612,100.0,07/13/1991
Granger,57612,57612,100.0,07/14/1991
Granger,57612,57612,100.0,07/15/1991
Granger,57612,57612,100.0,07/16/1991
Granger,57612,57612,100.0,07/17/1991
Granger,57612,57612,100.0,07/18/1991
Granger,57612,57612,100.0,07/19/1991
Granger,57612,57612,100.0,07/20/1991
Granger,57612,57612,100.0,07/21/1991
Granger,57612,57612,100.0,07/22/1991
Granger,57612,57612,100.0,07/23/1991
Granger,57612,57612,100.0,07/24/1991
Granger,57612,57612,100.0,07/25/1991
Granger,57612,57612,100.0,07/26/1991
Granger,57612,57612,100.0,07/27/1991
Granger,57612,57612,100.0,07/28/1991
Granger,57612,57612,100.0,07/29/1991
Granger,57612,57612,100.0,07/30/1991
Granger,57612,57612,100.0,07/31/1991
Granger,57612,57612,100.0,08/01/1991
Granger,57612,57612,100.0,08/02/1991
Granger,57612,57612,100.0,08/03/1991
Granger,57612,57612,100.0,08/04/1991
Granger,57612,57612,100.0,08/05/1991
Granger,57612,57612,100.0,08/06/1991
Granger,57612,57612,100.0,08/07/1991
Granger,57612,57612,100.0,08/08/1991
Granger,57612,57612,100.0,08/09/1991
Granger,57612,57612,100.0,08/10/1991
Granger,57612,57612,100.0,08/11/1991
Granger,57612,57612,100.0,08/12/1991
Granger,57612,57612,100.0,08/13/1991
Granger,57612,57612,100.0,08/14/1991
Granger,57612,57612,100.0,08/15/1991
Granger,57612,57612,100.0,08/16/1991
Granger,57612,57612,100.0,08/17/1991
Granger,57612,57612,100.0,08/18/1991
Granger,57612,57612,100.0,08/19/1991
Granger,57612,57612,100.0,08/20/1991
Granger,57612,57612,100.0,08/21/1991
Granger,57612,57612,100.0,08/22/1991
Granger,57612,57612,100.0,08/23/1991
Granger,57612,57612,100.0,08/24/1991
Granger,57612,57612,100.0,08/25/1991
Granger,57612,57612,100.0,08/26/1991
Granger,57612,57612,100.0,08/27/1991
Granger,57612,57612,100.0,08/28/1991
Granger,57612,57612,100.0,08/29/1991
Granger,57612,57612,100.0,08/30/1991
Granger,57612,57612,100.0,08/31/1991
Granger,57612,57612,100.0,09/01/1991
Granger,57612,57612,100.0,09/02/1991
Granger,57612,57612,100.0,09/03/1991
Granger,57612,57612,100.0,09/04/1991
Granger,57612,57612,100.0,09/05/1991
Granger,57612,57612,100.0,09/06/1991
Granger,57612,57612,100.0,09/07/1991
Granger,57612,57612,100.0,09/08/1991
Granger,57612,57612,100.0,09/09/1991
Granger,57612,57612,100.0,09/10/1991
Granger,57612,57612,100.0,09/11/1991
Granger,57612,57612,100.0,09/12/1991
Granger,57612,57612,100.0,09/13/1991
Granger,57612,57612,100.0,09/14/1991
Granger,57612,57612,100.0,09/15/1991
Granger,57612,57612,100.0,09/16/1991
Granger,57612,57612,100.0,09/17/1991
Granger,57612,57612,100.0,09/18/1991
Granger,57612,57612,100.0,09/19/1991
Granger,57612,57612,100.0,09/20/1991
Granger,57612,57612,100.0,09/21/1991
Granger,57612,57612,100.0,09/22/1991
Granger,57612,57612,100.0,09/23/1991
Granger,57612,57612,100.0,09/24/1991
Granger,57612,57612,100.0,09/25/1991
Granger,57612,57612,100.0,09/26/1991
Granger,57612,57612,100.0,09/27/1991
Granger,57612,57612,100.0,09/28/1991
Granger,57612,57612,100.0,09/29/1991
Granger,57612,57612,100.0,09/30/1991
Granger,57612,57612,100.0,10/01/1991
Granger,57612,57612,100.0,10/02/1991
Granger,57612,57612,100.0,10/03/1991
Granger,57612,57612,100.0,10/04/1991
Granger,57612,57612,100.0,10/05/1991
Granger,57612,57612,100.0,10/06/1991
Granger,57612,57612,100.0,10/07/1991
Granger,57612,57612,100.0,10/08/1991
Granger,57612,57612,100.0,10/09/1991
Granger,57612,57612,100.0,10/10/1991
Granger,57612,57612,100.0,10/11/1991
Granger,57612,57612,100.0,10/12/1991
Granger,57612,57612,100.0,10/13/1991
Granger,57612,57612,100.0,10/14/1991
Granger,57612,57612,100.0,10/15/1991
Granger,57612,57612,100.0,10/16/1991
Granger,57612,57612,100.0,10/17/1991
Granger,57612,57612,100.0,10/18/1991
Granger,57612,57612,100.0,10/19/1991
Granger,57612,57612,100.0,10/20/1991
Granger,57612,57612,100.0,10/21/1991
Granger,57612,57612,100.0,10/22/1991
Granger,57612,57612,100.0,10/23/1991
Granger,57612,57612,100.0,10/24/1991
Granger,57612,57612,100.0,10/25/1991
Granger,57612,57612,100.0,10/26/1991
Granger,57612,57612,100.0,10/27/1991
Granger,57612,57612,100.0,10/28/1991
Granger,57612,57612,100.0,10/29/1991
Granger,57612,57612,100.0,10/30/1991
Granger,57612,57612,100.0,10/31/1991
Granger,57612,57612,100.0,11/01/1991
Granger,57612,57612,100.0,11/02/1991
Granger,57612,57612,100.0,11/03/1991
Granger,57612,57612,100.0,11/04/1991
Granger,57612,57612,100.0,11/05/1991
Granger,57612,57612,100.0,11/06/1991
Granger,57612,57612,100.0,11/07/1991
Granger,57612,57612,100.0,11/08/1991
Granger,57612,57612,100.0,11/09/1991
Granger,57612,57612,100.0,11/10/1991
Granger,57612,57612,100.0,11/11/1991
Granger,57612,57612,100.0,11/12/1991
Granger,57612,57612,100.0,11/13/1991
Granger,57612,57612,100.0,11/14/1991
Granger,57612,57612,100.0,11/15/1991
Granger,57612,57612,100.0,11/16/1991
Granger,57612,57612,100.0,11/17/1991
Granger,57612,57612,100.0,11/18/1991
Granger,57612,57612,100.0,11/19/1991
Granger,57612,57612,100.0,11/20/1991
Granger,57612,57612,100.0,11/21/1991
Granger,57612,57612,100.0,11/22/1991
Granger,57612,57612,100.0,11/23/1991
Granger,57612,57612,100.0,11/24/1991
Granger,57612,57612,100.0,11/25/1991
Granger,57612,57612,100.0,11/26/1991
Granger,57612,57612,100.0,11/27/1991
Granger,57612,57612,100.0,11/28/1991
Granger,57612,57612,100.0,11/29/1991
Granger,57612,57612,100.0,11/30/1991
Granger,57612,57612,100.0,12/01/1991
Granger,57612,57612,100.0,12/02/1991
Granger,57612,57612,100.0,12/03/1991
Granger,57612,57612,100.0,12/04/1991
Granger,57612,57612,100.0,12/05/1991
Granger,57612,57612,100.0,12/06/1991
Granger,57612,57612,100.0,12/07/1991
Granger,57612,57612,100.0,12/08/1991
Granger,57612,57612,100.0,12/09/1991
Granger,57612,57612,100.0,12/10/1991
Granger,57612,57612,100.0,12/11/1991
Granger,57612,57612,100.0,12/12/1991
Granger,57612,57612,100.0,12/13/1991
Granger,57612,57612,100.0,12/14/1991
Granger,57612,57612,100.0,12/15/1991
Granger,57612,57612,100.0,12/16/1991
Granger,57612,57612,100.0,12/17/1991
Granger,57612,57612,100.0,12/18/1991
Granger,57612,57612,100.0,12/19/1991
Granger,57612,57612,100.0,12/20/1991
Granger,57612,57612,100.0,12/21/1991
Granger,57612,57612,100.0,12/22/1991
Granger,57612,57612,100.0,12/23/1991
Granger,57612,57612,100.0,12/24/1991
Granger,57612,57612,100.0,12/25/1991
Granger,57612,57612,100.0,12/26/1991
Granger,57612,57612,100.0,12/27/1991
Granger,57612,57612,100.0,12/28/1991
Granger,57612,57612,100.0,12/29/1991
Granger,57612,57612,100.0,12/30/1991
Granger,57612,57612,100.0,12/31/1991
Granger,57612,57612,100.0,01/01/1992
Granger,57612,57612,100.0,01/02/1992
Granger,57612,57612,100.0,01/03/1992
Granger,57612,57612,100.0,01/04/1992
Granger,57612,57612,100.0,01/05/1992
Granger,57612,57612,100.0,01/06/1992
Granger,57612,57612,100.0,01/07/1992
Granger,57612,57612,100.0,01/08/1992
Granger,57612,57612,100.0,01/09/1992
Granger,57612,57612,100.0,01/10/1992
Granger,57612,57612,100.0,01/11/1992
Granger,57612,57612,100.0,01/12/1992
Granger,57612,57612,100.0,01/13/1992
Granger,57612,57612,100.0,01/14/1992
Granger,57612,57612,100.0,01/15/1992
Granger,57612,57612,100.0,01/16/1992
Granger,57612,57612,100.0,01/17/1992
Granger,57612,57612,100.0,01/18/1992
Granger,57612,57612,100.0,01/19/1992
Granger,57612,57612,100.0,01/20/1992
Granger,57612,57612,100.0,01/21/1992
Granger,57612,57612,100.0,01/22/1992
Granger,57612,57612,100.0,01/23/1992
Granger,57612,57612,100.0,01/24/1992
Granger,57612,57612,100.0,01/25/1992
Granger,57612,57612,100.0,01/26/1992
Granger,57612,57612,100.0,01/27/1992
Granger,57612,57612,100.0,01/28/1992
Granger,57612,57612,100.0,01/29/1992
Granger,57612,57612,100.0,01/30/1992
Granger,57612,57612,100.0,01/31/1992
Granger,57612,57612,100.0,02/01/1992
Granger,57612,57612,100.0,02/02/1992
Granger,57612,57612,100.0,02/03/1992
Granger,57612,57612,100.0,02/04/1992
Granger,57612,57612,100.0,02/05/1992
Granger,57612,57612,100.0,02/06/1992
Granger,57612,57612,100.0,02/07/1992
Granger,57612,57612,100.0,02/08/1992
Granger,57612,57612,100.0,02/09/1992
Granger,57612,57612,100.0,02/10/1992
Granger,57612,57612,100.0,02/11/1992
Granger,57612,57612,100.0,02/12/1992
Granger,57612,57612,100.0,02/13/1992
Granger,57612,57612,100.0,02/14/1992
Granger,57612,57612,100.0,02/15/1992
Granger,57612,57612,100.0,02/16/1992
Granger,57612,57612,100.0,02/17/1992
Granger,57612,57612,100.0,02/18/1992
Granger,57612,57612,100.0,02/19/1992
Granger,57612,57612,100.0,02/20/1992
Granger,57612,57612,100.0,02/21/1992
Granger,57612,57612,100.0,02/22/1992
Granger,57612,57612,100.0,02/23/1992
Granger,57612,57612,100.0,02/24/1992
Granger,57612,57612,100.0,02/25/1992
Granger,57612,57612,100.0,02/26/1992
Granger,57612,57612,100.0,02/27/1992
Granger,57612,57612,100.0,02/28/1992
Granger,57612,57612,100.0,02/29/1992
Granger,57612,57612,100.0,03/01/1992
Granger,57612,57612,100.0,03/02/1992
Granger,57612,57612,100.0,03/03/1992
Granger,57612,57612,100.0,03/04/1992
Granger,57612,57612,100.0,03/05/1992
Granger,57612,57612,100.0,03/06/1992
Granger,57612,57612,100.0,03/07/1992
Granger,57612,57612,100.0,03/08/1992
Granger,57612,57612,100.0,03/09/1992
Granger,57612,57612,100.0,03/10/1992
Granger,57612,57612,100.0,03/11/1992
Granger,57612,57612,100.0,03/12/1992
Granger,57612,57612,100.0,03/13/1992
Granger,57612,57612,100.0,03/14/1992
Granger,57612,57612,100.0,03/15/1992
Granger,57612,57612,100.0,03/16/1992
Granger,57612,57612,100.0,03/17/1992
Granger,57612,57612,100.0,03/18/1992
Granger,57612,57612,100.0,03/19/1992
Granger,57612,57612,100.0,03/20/1992
Granger,57612,57612,100.0,03/21/1992
Granger,57612,57612,100.0,03/22/1992
Granger,57612,57612,100.0,03/23/1992
Granger,57612,57612,100.0,03/24/1992
Granger,57612,57612,100.0,03/25/1992
Granger,57612,57612,100.0,03/26/1992
Granger,57612,57612,100.0,03/27/1992
Granger,57612,57612,100.0,03/28/1992
Granger,57612,57612,100.0,03/29/1992
Granger,57612,57612,100.0,03/30/1992
Granger,57612,57612,100.0,03/31/1992
Granger,57612,57612,100.0,04/01/1992
Granger,57612,57612,100.0,04/02/1992
Granger,57612,57612,100.0,04/03/1992
Granger,57612,57612,100.0,04/04/1992
Granger,57612,57612,100.0,04/05/1992
Granger,57612,57612,100.0,04/06/1992
Granger,57612,57612,100.0,04/07/1992
Granger,57612,57612,100.0,04/08/1992
Granger,57612,57612,100.0,04/09/1992
Granger,57612,57612,100.0,04/10/1992
Granger,57612,57612,100.0,04/11/1992
Granger,57612,57612,100.0,04/12/1992
Granger,57612,57612,100.0,04/13/1992
Granger,57612,57612,100.0,04/14/1992
Granger,57612,57612,100.0,04/15/1992
Granger,57612,57612,100.0,04/16/1992
Granger,57612,57612,100.0,04/17/1992
Granger,57612,57612,100.0,04/18/1992
Granger,57612,57612,100.0,04/19/1992
Granger,57612,57612,100.0,04/20/1992
Granger,57612,57612,100.0,04/21/1992
Granger,57612,57612,100.0,04/22/1992
Granger,57612,57612,100.0,04/23/1992
Granger,57612,57612,100.0,04/24/1992
Granger,57612,57612,100.0,04/25/1992
Granger,57612,57612,100.0,04/26/1992
Granger,57612,57612,100.0,04/27/1992
Granger,57612,57612,100.0,04/28/1992
Granger,57612,57612,100.0,04/29/1992
Granger,57612,57612,100.0,04/30/1992
Granger,57612,57612,100.0,05/01/1992
Granger,57612,57612,100.0,05/02/1992
Granger,57612,57612,100.0,05/03/1992
Granger,57612,57612,100.0,05/04/1992
Granger,57612,57612,100.0,05/05/1992
Granger,57612,57612,100.0,05/06/1992
Granger,57612,57612,100.0,05/07/1992
Granger,57612,57612,100.0,05/08/1992
Granger,57612,57612,100.0,05/09/1992
Granger,57612,57612,100.0,05/10/1992
Granger,57612,57612,100.0,05/11/1992
Granger,57612,57612,100.0,05/12/1992
Granger,57612,57612,100.0,05/13/1992
Granger,57612,57612,100.0,05/14/1992
Granger,57612,57612,100.0,05/15/1992
Granger,57612,57612,100.0,05/16/1992
Granger,57612,57612,100.0,05/17/1992
Granger,57612,57612,100.0,05/18/1992
Granger,57612,57612,100.0,05/19/1992
Granger,57612,57612,100.0,05/20/1992
Granger,57612,57612,100.0,05/21/1992
Granger,57612,57612,100.0,05/22/1992
Granger,57612,57612,100.0,05/23/1992
Granger,57612,57612,100.0,05/24/1992
Granger,57612,57612,100.0,05/25/1992
Granger,57612,57612,100.0,05/26/1992
Granger,57612,57612,100.0,05/27/1992
Granger,57612,57612,100.0,05/28/1992
Granger,57612,57612,100.0,05/29/1992
Granger,57612,57612,100.0,05/30/1992
Granger,57612,57612,100.0,05/31/1992
Granger,57612,57612,100.0,06/01/1992
Granger,57612,57612,100.0,06/02/1992
Granger,57612,57612,100.0,06/03/1992
Granger,57612,57612,100.0,06/04/1992
Granger,57612,57612,100.0,06/05/1992
Granger,57612,57612,100.0,06/06/1992
Granger,57612,57612,100.0,06/07/1992
Granger,57612,57612,100.0,06/08/1992
Granger,57612,57612,100.0,06/09/1992
Granger,57612,57612,100.0,06/10/1992
Granger,57612,57612,100.0,06/11/1992
Granger,57612,57612,100.0,06/12/1992
Granger,57612,57612,100.0,06/13/1992
Granger,57612,57612,100.0,06/14/1992
Granger,57612,57612,100.0,06/15/1992
Granger,57612,57612,100.0,06/16/1992
Granger,57612,57612,100.0,06/17/1992
Granger,57612,57612,100.0,06/18/1992
Granger,57612,57612,100.0,06/19/1992
Granger,57612,57612,100.0,06/20/1992
Granger,57612,57612,100.0,06/21/1992
Granger,57612,57612,100.0,06/22/1992
Granger,57612,57612,100.0,06/23/1992
Granger,57612,57612,100.0,06/24/1992
Granger,57612,57612,100.0,06/25/1992
Granger,57612,57612,100.0,06/26/1992
Granger,57612,57612,100.0,06/27/1992
Granger,57612,57612,100.0,06/28/1992
Granger,57612,57612,100.0,06/29/1992
Granger,57612,57612,100.0,06/30/1992
Granger,57612,57612,100.0,07/01/1992
Granger,57612,57612,100.0,07/02/1992
Granger,57612,57612,100.0,07/03/1992
Granger,57612,57612,100.0,07/04/1992
Granger,57612,57612,100.0,07/05/1992
Granger,57612,57612,100.0,07/06/1992
Granger,57612,57612,100.0,07/07/1992
Granger,57612,57612,100.0,07/08/1992
Granger,57612,57612,100.0,07/09/1992
Granger,57612,57612,100.0,07/10/1992
Granger,57612,57612,100.0,07/11/1992
Granger,57612,57612,100.0,07/12/1992
Granger,57612,57612,100.0,07/13/1992
Granger,57612,57612,100.0,07/14/1992
Granger,57612,57612,100.0,07/15/1992
Granger,57612,57612,100.0,07/16/1992
Granger,57612,57612,100.0,07/17/1992
Granger,57612,57612,100.0,07/18/1992
Granger,57612,57612,100.0,07/19/1992
Granger,57612,57612,100.0,07/20/1992
Granger,57612,57612,100.0,07/21/1992
Granger,57612,57612,100.0,07/22/1992
Granger,57612,57612,100.0,07/23/1992
Granger,57612,57612,100.0,07/24/1992
Granger,57612,57612,100.0,07/25/1992
Granger,57612,57612,100.0,07/26/1992
Granger,57612,57612,100.0,07/27/1992
Granger,57612,57612,100.0,07/28/1992
Granger,57612,57612,100.0,07/29/1992
Granger,57612,57612,100.0,07/30/1992
Granger,57612,57612,100.0,07/31/1992
Granger,57612,57612,100.0,08/01/1992
Granger,57612,57612,100.0,08/02/1992
Granger,57612,57612,100.0,08/03/1992
Granger,57612,57612,100.0,08/04/1992
Granger,57612,57612,100.0,08/05/1992
Granger,57612,57612,100.0,08/06/1992
Granger,57612,57612,100.0,08/07/1992
Granger,57612,57612,100.0,08/08/1992
Granger,57612,57612,100.0,08/09/1992
Granger,57612,57612,100.0,08/10/1992
Granger,57612,57612,100.0,08/11/1992
Granger,57612,57612,100.0,08/12/1992
Granger,57612,57612,100.0,08/13/1992
Granger,57612,57612,100.0,08/14/1992
Granger,57612,57612,100.0,08/15/1992
Granger,57612,57612,100.0,08/16/1992
Granger,57612,57612,100.0,08/17/1992
Granger,57612,57612,100.0,08/18/1992
Granger,57612,57612,100.0,08/19/1992
Granger,57612,57612,100.0,08/20/1992
Granger,57612,57612,100.0,08/21/1992
Granger,57612,57612,100.0,08/22/1992
Granger,57612,57612,100.0,08/23/1992
Granger,57612,57612,100.0,08/24/1992
Granger,57612,57612,100.0,08/25/1992
Granger,57612,57612,100.0,08/26/1992
Granger,57612,57612,100.0,08/27/1992
Granger,57612,57612,100.0,08/28/1992
Granger,57612,57612,100.0,08/29/1992
Granger,57612,57612,100.0,08/30/1992
Granger,57612,57612,100.0,08/31/1992
Granger,57612,57612,100.0,09/01/1992
Granger,57612,57612,100.0,09/02/1992
Granger,57612,57612,100.0,09/03/1992
Granger,57612,57612,100.0,09/04/1992
Granger,57612,57612,100.0,09/05/1992
Granger,57612,57612,100.0,09/06/1992
Granger,57612,57612,100.0,09/07/1992
Granger,57612,57612,100.0,09/08/1992
Granger,57612,57612,100.0,09/09/1992
Granger,57612,57612,100.0,09/10/1992
Granger,57612,57612,100.0,09/11/1992
Granger,57612,57612,100.0,09/12/1992
Granger,57612,57612,100.0,09/13/1992
Granger,57612,57612,100.0,09/14/1992
Granger,57612,57612,100.0,09/15/1992
Granger,57612,57612,100.0,09/16/1992
Granger,57612,57612,100.0,09/17/1992
Granger,57612,57612,100.0,09/18/1992
Granger,57612,57612,100.0,09/19/1992
Granger,57612,57612,100.0,09/20/1992
Granger,57612,57612,100.0,09/21/1992
Granger,57612,57612,100.0,09/22/1992
Granger,57612,57612,100.0,09/23/1992
Granger,57612,57612,100.0,09/24/1992
Granger,57612,57612,100.0,09/25/1992
Granger,57612,57612,100.0,09/26/1992
Granger,57612,57612,100.0,09/27/1992
Granger,57612,57612,100.0,09/28/1992
Granger,57612,57612,100.0,09/29/1992
Granger,57612,57612,100.0,09/30/1992
Granger,57612,57612,100.0,10/01/1992
Granger,57612,57612,100.0,10/02/1992
Granger,57612,57612,100.0,10/03/1992
Granger,57612,57612,100.0,10/04/1992
Granger,57612,57612,100.0,10/05/1992
Granger,57612,57612,100.0,10/06/1992
Granger,57612,57612,100.0,10/07/1992
Granger,57612,57612,100.0,10/08/1992
Granger,57612,57612,100.0,10/09/1992
Granger,57612,57612,100.0,10/10/1992
Granger,57612,57612,100.0,10/11/1992
Granger,57612,57612,100.0,10/12/1992
Granger,57612,57612,100.0,10/13/1992
Granger,57612,57612,100.0,10/14/1992
Granger,57612,57612,100.0,10/15/1992
Granger,57612,57612,100.0,10/16/1992
Granger,57612,57612,100.0,10/17/1992
Granger,57612,57612,100.0,10/18/1992
Granger,57612,57612,100.0,10/19/1992
Granger,57612,57612,100.0,10/20/1992
Granger,57612,57612,100.0,10/21/1992
Granger,57612,57612,100.0,10/22/1992
Granger,57612,57612,100.0,10/23/1992
Granger,57612,57612,100.0,10/24/1992
Granger,57612,57612,100.0,10/25/1992
Granger,57612,57612,100.0,10/26/1992
Granger,57612,57612,100.0,10/27/1992
Granger,57612,57612,100.0,10/28/1992
Granger,57612,57612,100.0,10/29/1992
Granger,57612,57612,100.0,10/30/1992
Granger,57612,57612,100.0,10/31/1992
Granger,57612,57612,100.0,11/01/1992
Granger,57612,57612,100.0,11/02/1992
Granger,57612,57612,100.0,11/03/1992
Granger,57612,57612,100.0,11/04/1992
Granger,57612,57612,100.0,11/05/1992
Granger,57612,57612,100.0,11/06/1992
Granger,57612,57612,100.0,11/07/1992
Granger,57612,57612,100.0,11/08/1992
Granger,57612,57612,100.0,11/09/1992
Granger,57612,57612,100.0,11/10/1992
Granger,57612,57612,100.0,11/11/1992
Granger,57612,57612,100.0,11/12/1992
Granger,57612,57612,100.0,11/13/1992
Granger,57612,57612,100.0,11/14/1992
Granger,57612,57612,100.0,11/15/1992
Granger,57612,57612,100.0,11/16/1992
Granger,57612,57612,100.0,11/17/1992
Granger,57612,57612,100.0,11/18/1992
Granger,57612,57612,100.0,11/19/1992
Granger,57612,57612,100.0,11/20/1992
Granger,57612,57612,100.0,11/21/1992
Granger,57612,57612,100.0,11/22/1992
Granger,57612,57612,100.0,11/23/1992
Granger,57612,57612,100.0,11/24/1992
Granger,57612,57612,100.0,11/25/1992
Granger,57612,57612,100.0,11/26/1992
Granger,57612,57612,100.0,11/27/1992
Granger,57612,57612,100.0,11/28/1992
Granger,57612,57612,100.0,11/29/1992
Granger,57612,57612,100.0,11/30/1992
Granger,57612,57612,100.0,12/01/1992
Granger,57612,57612,100.0,12/02/1992
Granger,57612,57612,100.0,12/03/1992
Granger,57612,57612,100.0,12/04/1992
Granger,57612,57612,100.0,12/05/1992
Granger,57612,57612,100.0,12/06/1992
Granger,57612,57612,100.0,12/07/1992
Granger,57612,57612,100.0,12/08/1992
Granger,57612,57612,100.0,12/09/1992
Granger,57612,57612,100.0,12/10/1992
Granger,57612,57612,100.0,12/11/1992
Granger,57612,57612,100.0,12/12/1992
Granger,57612,57612,100.0,12/13/1992
Granger,57612,57612,100.0,12/14/1992
Granger,57612,57612,100.0,12/15/1992
Granger,57612,57612,100.0,12/16/1992
Granger,57612,57612,100.0,12/17/1992
Granger,57612,57612,100.0,12/18/1992
Granger,57612,57612,100.0,12/19/1992
Granger,57612,57612,100.0,12/20/1992
Granger,57612,57612,100.0,12/21/1992
Granger,57612,57612,100.0,12/22/1992
Granger,57612,57612,100.0,12/23/1992
Granger,57612,57612,100.0,12/24/1992
Granger,57612,57612,100.0,12/25/1992
Granger,57612,57612,100.0,12/26/1992
Granger,57612,57612,100.0,12/27/1992
Granger,57612,57612,100.0,12/28/1992
Granger,57612,57612,100.0,12/29/1992
Granger,57612,57612,100.0,12/30/1992
Granger,57612,57612,100.0,12/31/1992
Granger,57612,57612,100.0,01/01/1993
Granger,57612,57612,100.0,01/02/1993
Granger,57612,57612,100.0,01/03/1993
Granger,57612,57612,100.0,01/04/1993
Granger,57612,57612,100.0,01/05/1993
Granger,57612,57612,100.0,01/06/1993
Granger,57612,57612,100.0,01/07/1993
Granger,57612,57612,100.0,01/08/1993
Granger,57612,57612,100.0,01/09/1993
Granger,57612,57612,100.0,01/10/1993
Granger,57612,57612,100.0,01/11/1993
Granger,57612,57612,100.0,01/12/1993
Granger,57612,57612,100.0,01/13/1993
Granger,57612,57612,100.0,01/14/1993
Granger,57612,57612,100.0,01/15/1993
Granger,57612,57612,100.0,01/16/1993
Granger,57612,57612,100.0,01/17/1993
Granger,57612,57612,100.0,01/18/1993
Granger,57612,57612,100.0,01/19/1993
Granger,57612,57612,100.0,01/20/1993
Granger,57612,57612,100.0,01/21/1993
Granger,57612,57612,100.0,01/22/1993
Granger,57612,57612,100.0,01/23/1993
Granger,57612,57612,100.0,01/24/1993
Granger,57612,57612,100.0,01/25/1993
Granger,57612,57612,100.0,01/26/1993
Granger,57612,57612,100.0,01/27/1993
Granger,57612,57612,100.0,01/28/1993
Granger,57612,57612,100.0,01/29/1993
Granger,57612,57612,100.0,01/30/1993
Granger,57612,57612,100.0,01/31/1993
Granger,57612,57612,100.0,02/01/1993
Granger,57612,57612,100.0,02/02/1993
Granger,57612,57612,100.0,02/03/1993
Granger,57612,57612,100.0,02/04/1993
Granger,57612,57612,100.0,02/05/1993
Granger,57612,57612,100.0,02/06/1993
Granger,57612,57612,100.0,02/07/1993
Granger,57612,57612,100.0,02/08/1993
Granger,57612,57612,100.0,02/09/1993
Granger,57612,57612,100.0,02/10/1993
Granger,57612,57612,100.0,02/11/1993
Granger,57612,57612,100.0,02/12/1993
Granger,57612,57612,100.0,02/13/1993
Granger,57612,57612,100.0,02/14/1993
Granger,57612,57612,100.0,02/15/1993
Granger,57612,57612,100.0,02/16/1993
Granger,57612,57612,100.0,02/17/1993
Granger,57612,57612,100.0,02/18/1993
Granger,57612,57612,100.0,02/19/1993
Granger,57612,57612,100.0,02/20/1993
Granger,57612,57612,100.0,02/21/1993
Granger,57612,57612,100.0,02/22/1993
Granger,57612,57612,100.0,02/23/1993
Granger,57612,57612,100.0,02/24/1993
Granger,57612,57612,100.0,02/25/1993
Granger,57612,57612,100.0,02/26/1993
Granger,57612,57612,100.0,02/27/1993
Granger,57612,57612,100.0,02/28/1993
Granger,57612,57612,100.0,03/01/1993
Granger,57612,57612,100.0,03/02/1993
Granger,57612,57612,100.0,03/03/1993
Granger,57612,57612,100.0,03/04/1993
Granger,57612,57612,100.0,03/05/1993
Granger,57612,57612,100.0,03/06/1993
Granger,57612,57612,100.0,03/07/1993
Granger,57612,57612,100.0,03/08/1993
Granger,57612,57612,100.0,03/09/1993
Granger,57612,57612,100.0,03/10/1993
Granger,57612,57612,100.0,03/11/1993
Granger,57612,57612,100.0,03/12/1993
Granger,57612,57612,100.0,03/13/1993
Granger,57612,57612,100.0,03/14/1993
Granger,57612,57612,100.0,03/15/1993
Granger,57612,57612,100.0,03/16/1993
Granger,57612,57612,100.0,03/17/1993
Granger,57612,57612,100.0,03/18/1993
Granger,57612,57612,100.0,03/19/1993
Granger,57612,57612,100.0,03/20/1993
Granger,57612,57612,100.0,03/21/1993
Granger,57612,57612,100.0,03/22/1993
Granger,57612,57612,100.0,03/23/1993
Granger,57612,57612,100.0,03/24/1993
Granger,57612,57612,100.0,03/25/1993
Granger,57612,57612,100.0,03/26/1993
Granger,57612,57612,100.0,03/27/1993
Granger,57612,57612,100.0,03/28/1993
Granger,57612,57612,100.0,03/29/1993
Granger,57612,57612,100.0,03/30/1993
Granger,57612,57612,100.0,03/31/1993
Granger,57612,57612,100.0,04/01/1993
Granger,57612,57612,100.0,04/02/1993
Granger,57612,57612,100.0,04/03/1993
Granger,57612,57612,100.0,04/04/1993
Granger,57612,57612,100.0,04/05/1993
Granger,57612,57612,100.0,04/06/1993
Granger,57612,57612,100.0,04/07/1993
Granger,57612,57612,100.0,04/08/1993
Granger,57612,57612,100.0,04/09/1993
Granger,57612,57612,100.0,04/10/1993
Granger,57612,57612,100.0,04/11/1993
Granger,57612,57612,100.0,04/12/1993
Granger,57612,57612,100.0,04/13/1993
Granger,57612,57612,100.0,04/14/1993
Granger,57612,57612,100.0,04/15/1993
Granger,57612,57612,100.0,04/16/1993
Granger,57612,57612,100.0,04/17/1993
Granger,57612,57612,100.0,04/18/1993
Granger,57612,57612,100.0,04/19/1993
Granger,57612,57612,100.0,04/20/1993
Granger,57612,57612,100.0,04/21/1993
Granger,57612,57612,100.0,04/22/1993
Granger,57612,57612,100.0,04/23/1993
Granger,57612,57612,100.0,04/24/1993
Granger,57612,57612,100.0,04/25/1993
Granger,57612,57612,100.0,04/26/1993
Granger,57612,57612,100.0,04/27/1993
Granger,57612,57612,100.0,04/28/1993
Granger,57612,57612,100.0,04/29/1993
Granger,57612,57612,100.0,04/30/1993
Granger,57612,57612,100.0,05/01/1993
Granger,57612,57612,100.0,05/02/1993
Granger,57612,57612,100.0,05/03/1993
Granger,57612,57612,100.0,05/04/1993
Granger,57612,57612,100.0,05/05/1993
Granger,57612,57612,100.0,05/06/1993
Granger,57612,57612,100.0,05/07/1993
Granger,57612,57612,100.0,05/08/1993
Granger,57612,57612,100.0,05/09/1993
Granger,57612,57612,100.0,05/10/1993
Granger,57612,57612,100.0,05/11/1993
Granger,57612,57612,100.0,05/12/1993
Granger,57612,57612,100.0,05/13/1993
Granger,57612,57612,100.0,05/14/1993
Granger,57612,57612,100.0,05/15/1993
Granger,57612,57612,100.0,05/16/1993
Granger,57612,57612,100.0,05/17/1993
Granger,57612,57612,100.0,05/18/1993
Granger,57612,57612,100.0,05/19/1993
Granger,57612,57612,100.0,05/20/1993
Granger,57612,57612,100.0,05/21/1993
Granger,57612,57612,100.0,05/22/1993
Granger,57612,57612,100.0,05/23/1993
Granger,57612,57612,100.0,05/24/1993
Granger,57612,57612,100.0,05/25/1993
Granger,57612,57612,100.0,05/26/1993
Granger,57612,57612,100.0,05/27/1993
Granger,57612,57612,100.0,05/28/1993
Granger,57612,57612,100.0,05/29/1993
Granger,57612,57612,100.0,05/30/1993
Granger,57612,57612,100.0,05/31/1993
Granger,57612,57612,100.0,06/01/1993
Granger,57612,57612,100.0,06/02/1993
Granger,57612,57612,100.0,06/03/1993
Granger,57612,57612,100.0,06/04/1993
Granger,57612,57612,100.0,06/05/1993
Granger,57612,57612,100.0,06/06/1993
Granger,57612,57612,100.0,06/07/1993
Granger,57612,57612,100.0,06/08/1993
Granger,57612,57612,100.0,06/09/1993
Granger,57612,57612,100.0,06/10/1993
Granger,57612,57612,100.0,06/11/1993
Granger,57612,57612,100.0,06/12/1993
Granger,57612,57612,100.0,06/13/1993
Granger,57612,57612,100.0,06/14/1993
Granger,57612,57612,100.0,06/15/1993
Granger,57612,57612,100.0,06/16/1993
Granger,57612,57612,100.0,06/17/1993
Granger,57612,57612,100.0,06/18/1993
Granger,57612,57612,100.0,06/19/1993
Granger,57612,57612,100.0,06/20/1993
Granger,57612,57612,100.0,06/21/1993
Granger,57612,57612,100.0,06/22/1993
Granger,57612,57612,100.0,06/23/1993
Granger,57612,57612,100.0,06/24/1993
Granger,57612,57612,100.0,06/25/1993
Granger,57612,57612,100.0,06/26/1993
Granger,57612,57612,100.0,06/27/1993
Granger,57612,57612,100.0,06/28/1993
Granger,57612,57612,100.0,06/29/1993
Granger,57612,57612,100.0,06/30/1993
Granger,57612,57612,100.0,07/01/1993
Granger,57612,57612,100.0,07/02/1993
Granger,57612,57612,100.0,07/03/1993
Granger,57612,57612,100.0,07/04/1993
Granger,57612,57612,100.0,07/05/1993
Granger,57612,57612,100.0,07/06/1993
Granger,57612,57612,100.0,07/07/1993
Granger,57612,57612,100.0,07/08/1993
Granger,57612,57612,100.0,07/09/1993
Granger,57612,57612,100.0,07/10/1993
Granger,57612,57612,100.0,07/11/1993
Granger,57612,57612,100.0,07/12/1993
Granger,57612,57612,100.0,07/13/1993
Granger,57612,57612,100.0,07/14/1993
Granger,57612,57612,100.0,07/15/1993
Granger,57612,57612,100.0,07/16/1993
Granger,57612,57612,100.0,07/17/1993
Granger,57612,57612,100.0,07/18/1993
Granger,57612,57612,100.0,07/19/1993
Granger,57612,57612,100.0,07/20/1993
Granger,57612,57612,100.0,07/21/1993
Granger,57612,57612,100.0,07/22/1993
Granger,57612,57612,100.0,07/23/1993
Granger,57612,57612,100.0,07/24/1993
Granger,57612,57612,100.0,07/25/1993
Granger,57612,57612,100.0,07/26/1993
Granger,57612,57612,100.0,07/27/1993
Granger,57612,57612,100.0,07/28/1993
Granger,57612,57612,100.0,07/29/1993
Granger,57612,57612,100.0,07/30/1993
Granger,57612,57612,100.0,07/31/1993
Granger,57612,57612,100.0,08/01/1993
Granger,57612,57612,100.0,08/02/1993
Granger,57612,57612,100.0,08/03/1993
Granger,57612,57612,100.0,08/04/1993
Granger,57612,57612,100.0,08/05/1993
Granger,57612,57612,100.0,08/06/1993
Granger,57612,57612,100.0,08/07/1993
Granger,57612,57612,100.0,08/08/1993
Granger,57612,57612,100.0,08/09/1993
Granger,57612,57612,100.0,08/10/1993
Granger,57612,57612,100.0,08/11/1993
Granger,57612,57612,100.0,08/12/1993
Granger,57612,57612,100.0,08/13/1993
Granger,57612,57612,100.0,08/14/1993
Granger,57612,57612,100.0,08/15/1993
Granger,57612,57612,100.0,08/16/1993
Granger,57612,57612,100.0,08/17/1993
Granger,57612,57612,100.0,08/18/1993
Granger,57612,57612,100.0,08/19/1993
Granger,57612,57612,100.0,08/20/1993
Granger,57612,57612,100.0,08/21/1993
Granger,57612,57612,100.0,08/22/1993
Granger,57612,57612,100.0,08/23/1993
Granger,57612,57612,100.0,08/24/1993
Granger,57612,57612,100.0,08/25/1993
Granger,57612,57612,100.0,08/26/1993
Granger,57612,57612,100.0,08/27/1993
Granger,57612,57612,100.0,08/28/1993
Granger,57612,57612,100.0,08/29/1993
Granger,57612,57612,100.0,08/30/1993
Granger,57612,57612,100.0,08/31/1993
Granger,57612,57612,100.0,09/01/1993
Granger,57612,57612,100.0,09/02/1993
Granger,57612,57612,100.0,09/03/1993
Granger,57612,57612,100.0,09/04/1993
Granger,57612,57612,100.0,09/05/1993
Granger,57612,57612,100.0,09/06/1993
Granger,57612,57612,100.0,09/07/1993
Granger,57612,57612,100.0,09/08/1993
Granger,57612,57612,100.0,09/09/1993
Granger,57612,57612,100.0,09/10/1993
Granger,57612,57612,100.0,09/11/1993
Granger,57612,57612,100.0,09/12/1993
Granger,57612,57612,100.0,09/13/1993
Granger,57612,57612,100.0,09/14/1993
Granger,57612,57612,100.0,09/15/1993
Granger,57612,57612,100.0,09/16/1993
Granger,57612,57612,100.0,09/17/1993
Granger,57612,57612,100.0,09/18/1993
Granger,57612,57612,100.0,09/19/1993
Granger,57612,57612,100.0,09/20/1993
Granger,57612,57612,100.0,09/21/1993
Granger,57612,57612,100.0,09/22/1993
Granger,57612,57612,100.0,09/23/1993
Granger,57612,57612,100.0,09/24/1993
Granger,57612,57612,100.0,09/25/1993
Granger,57612,57612,100.0,09/26/1993
Granger,57612,57612,100.0,09/27/1993
Granger,57612,57612,100.0,09/28/1993
Granger,57612,57612,100.0,09/29/1993
Granger,57612,57612,100.0,09/30/1993
Granger,57612,57612,100.0,10/01/1993
Granger,57612,57612,100.0,10/02/1993
Granger,57612,57612,100.0,10/03/1993
Granger,57612,57612,100.0,10/04/1993
Granger,57612,57612,100.0,10/05/1993
Granger,57612,57612,100.0,10/06/1993
Granger,57612,57612,100.0,10/07/1993
Granger,57612,57612,100.0,10/08/1993
Granger,57612,57612,100.0,10/09/1993
Granger,57612,57612,100.0,10/10/1993
Granger,57612,57612,100.0,10/11/1993
Granger,57612,57612,100.0,10/12/1993
Granger,57612,57612,100.0,10/13/1993
Granger,57612,57612,100.0,10/14/1993
Granger,57612,57612,100.0,10/15/1993
Granger,57612,57612,100.0,10/16/1993
Granger,57612,57612,100.0,10/17/1993
Granger,57612,57612,100.0,10/18/1993
Granger,57612,57612,100.0,10/19/1993
Granger,57612,57612,100.0,10/20/1993
Granger,57612,57612,100.0,10/21/1993
Granger,57612,57612,100.0,10/22/1993
Granger,57612,57612,100.0,10/23/1993
Granger,57612,57612,100.0,10/24/1993
Granger,57612,57612,100.0,10/25/1993
Granger,57612,57612,100.0,10/26/1993
Granger,57612,57612,100.0,10/27/1993
Granger,57612,57612,100.0,10/28/1993
Granger,57612,57612,100.0,10/29/1993
Granger,57612,57612,100.0,10/30/1993
Granger,57612,57612,100.0,10/31/1993
Granger,57612,57612,100.0,11/01/1993
Granger,57612,57612,100.0,11/02/1993
Granger,57612,57612,100.0,11/03/1993
Granger,57612,57612,100.0,11/04/1993
Granger,57612,57612,100.0,11/05/1993
Granger,57612,57612,100.0,11/06/1993
Granger,57612,57612,100.0,11/07/1993
Granger,57612,57612,100.0,11/08/1993
Granger,57612,57612,100.0,11/09/1993
Granger,57612,57612,100.0,11/10/1993
Granger,57612,57612,100.0,11/11/1993
Granger,57612,57612,100.0,11/12/1993
Granger,57612,57612,100.0,11/13/1993
Granger,57612,57612,100.0,11/14/1993
Granger,57612,57612,100.0,11/15/1993
Granger,57612,57612,100.0,11/16/1993
Granger,57612,57612,100.0,11/17/1993
Granger,57612,57612,100.0,11/18/1993
Granger,57612,57612,100.0,11/19/1993
Granger,57612,57612,100.0,11/20/1993
Granger,57612,57612,100.0,11/21/1993
Granger,57612,57612,100.0,11/22/1993
Granger,57612,57612,100.0,11/23/1993
Granger,57612,57612,100.0,11/24/1993
Granger,57612,57612,100.0,11/25/1993
Granger,57612,57612,100.0,11/26/1993
Granger,57612,57612,100.0,11/27/1993
Granger,57612,57612,100.0,11/28/1993
Granger,57612,57612,100.0,11/29/1993
Granger,57612,57612,100.0,11/30/1993
Granger,57612,57612,100.0,12/01/1993
Granger,57612,57612,100.0,12/02/1993
Granger,57612,57612,100.0,12/03/1993
Granger,57612,57612,100.0,12/04/1993
Granger,57612,57612,100.0,12/05/1993
Granger,57612,57612,100.0,12/06/1993
Granger,57612,57612,100.0,12/07/1993
Granger,57612,57612,100.0,12/08/1993
Granger,57612,57612,100.0,12/09/1993
Granger,57612,57612,100.0,12/10/1993
Granger,57612,57612,100.0,12/11/1993
Granger,57612,57612,100.0,12/12/1993
Granger,57612,57612,100.0,12/13/1993
Granger,57612,57612,100.0,12/14/1993
Granger,57612,57612,100.0,12/15/1993
Granger,57612,57612,100.0,12/16/1993
Granger,57612,57612,100.0,12/17/1993
Granger,57612,57612,100.0,12/18/1993
Granger,57612,57612,100.0,12/19/1993
Granger,57612,57612,100.0,12/20/1993
Granger,57612,57612,100.0,12/21/1993
Granger,57612,57612,100.0,12/22/1993
Granger,57612,57612,100.0,12/23/1993
Granger,57612,57612,100.0,12/24/1993
Granger,57612,57612,100.0,12/25/1993
Granger,57612,57612,100.0,12/26/1993
Granger,57612,57612,100.0,12/27/1993
Granger,57612,57612,100.0,12/28/1993
Granger,57612,57612,100.0,12/29/1993
Granger,57612,57612,100.0,12/30/1993
Granger,57612,57612,100.0,12/31/1993
Granger,57612,57612,100.0,01/01/1994
Granger,57612,57612,100.0,01/02/1994
Granger,57612,57612,100.0,01/03/1994
Granger,57612,57612,100.0,01/04/1994
Granger,57612,57612,100.0,01/05/1994
Granger,57612,57612,100.0,01/06/1994
Granger,57612,57612,100.0,01/07/1994
Granger,57612,57612,100.0,01/08/1994
Granger,57612,57612,100.0,01/09/1994
Granger,57612,57612,100.0,01/10/1994
Granger,57612,57612,100.0,01/11/1994
Granger,57612,57612,100.0,01/12/1994
Granger,57612,57612,100.0,01/13/1994
Granger,57612,57612,100.0,01/14/1994
Granger,57612,57612,100.0,01/15/1994
Granger,57612,57612,100.0,01/16/1994
Granger,57612,57612,100.0,01/17/1994
Granger,57612,57612,100.0,01/18/1994
Granger,57612,57612,100.0,01/19/1994
Granger,57612,57612,100.0,01/20/1994
Granger,57612,57612,100.0,01/21/1994
Granger,57612,57612,100.0,01/22/1994
Granger,57612,57612,100.0,01/23/1994
Granger,57612,57612,100.0,01/24/1994
Granger,57612,57612,100.0,01/25/1994
Granger,57612,57612,100.0,01/26/1994
Granger,57612,57612,100.0,01/27/1994
Granger,57612,57612,100.0,01/28/1994
Granger,57612,57612,100.0,01/29/1994
Granger,57612,57612,100.0,01/30/1994
Granger,57612,57612,100.0,01/31/1994
Granger,57612,57612,100.0,02/01/1994
Granger,57612,57612,100.0,02/02/1994
Granger,57612,57612,100.0,02/03/1994
Granger,57612,57612,100.0,02/04/1994
Granger,57612,57612,100.0,02/05/1994
Granger,57612,57612,100.0,02/06/1994
Granger,57612,57612,100.0,02/07/1994
Granger,57612,57612,100.0,02/08/1994
Granger,57612,57612,100.0,02/09/1994
Granger,57612,57612,100.0,02/10/1994
Granger,57612,57612,100.0,02/11/1994
Granger,57612,57612,100.0,02/12/1994
Granger,57612,57612,100.0,02/13/1994
Granger,57612,57612,100.0,02/14/1994
Granger,57612,57612,100.0,02/15/1994
Granger,57612,57612,100.0,02/16/1994
Granger,57612,57612,100.0,02/17/1994
Granger,57612,57612,100.0,02/18/1994
Granger,57612,57612,100.0,02/19/1994
Granger,57612,57612,100.0,02/20/1994
Granger,57612,57612,100.0,02/21/1994
Granger,57612,57612,100.0,02/22/1994
Granger,57612,57612,100.0,02/23/1994
Granger,57612,57612,100.0,02/24/1994
Granger,57612,57612,100.0,02/25/1994
Granger,57612,57612,100.0,02/26/1994
Granger,57612,57612,100.0,02/27/1994
Granger,57612,57612,100.0,02/28/1994
Granger,57612,57612,100.0,03/01/1994
Granger,57612,57612,100.0,03/02/1994
Granger,57612,57612,100.0,03/03/1994
Granger,57612,57612,100.0,03/04/1994
Granger,57612,57612,100.0,03/05/1994
Granger,57612,57612,100.0,03/06/1994
Granger,57612,57612,100.0,03/07/1994
Granger,57612,57612,100.0,03/08/1994
Granger,57612,57612,100.0,03/09/1994
Granger,57612,57612,100.0,03/10/1994
Granger,57612,57612,100.0,03/11/1994
Granger,57612,57612,100.0,03/12/1994
Granger,57612,57612,100.0,03/13/1994
Granger,57612,57612,100.0,03/14/1994
Granger,57612,57612,100.0,03/15/1994
Granger,57612,57612,100.0,03/16/1994
Granger,57612,57612,100.0,03/17/1994
Granger,57612,57612,100.0,03/18/1994
Granger,57612,57612,100.0,03/19/1994
Granger,57612,57612,100.0,03/20/1994
Granger,57612,57612,100.0,03/21/1994
Granger,57612,57612,100.0,03/22/1994
Granger,57612,57612,100.0,03/23/1994
Granger,57612,57612,100.0,03/24/1994
Granger,57612,57612,100.0,03/25/1994
Granger,57612,57612,100.0,03/26/1994
Granger,57612,57612,100.0,03/27/1994
Granger,57612,57612,100.0,03/28/1994
Granger,57612,57612,100.0,03/29/1994
Granger,57612,57612,100.0,03/30/1994
Granger,57612,57612,100.0,03/31/1994
Granger,57612,57612,100.0,04/01/1994
Granger,57612,57612,100.0,04/02/1994
Granger,57612,57612,100.0,04/03/1994
Granger,57612,57612,100.0,04/04/1994
Granger,57612,57612,100.0,04/05/1994
Granger,57612,57612,100.0,04/06/1994
Granger,57612,57612,100.0,04/07/1994
Granger,57612,57612,100.0,04/08/1994
Granger,57612,57612,100.0,04/09/1994
Granger,57612,57612,100.0,04/10/1994
Granger,57612,57612,100.0,04/11/1994
Granger,57612,57612,100.0,04/12/1994
Granger,57612,57612,100.0,04/13/1994
Granger,57612,57612,100.0,04/14/1994
Granger,57612,57612,100.0,04/15/1994
Granger,57612,57612,100.0,04/16/1994
Granger,57612,57612,100.0,04/17/1994
Granger,57612,57612,100.0,04/18/1994
Granger,57612,57612,100.0,04/19/1994
Granger,57612,57612,100.0,04/20/1994
Granger,57612,57612,100.0,04/21/1994
Granger,57612,57612,100.0,04/22/1994
Granger,57612,57612,100.0,04/23/1994
Granger,57612,57612,100.0,04/24/1994
Granger,57612,57612,100.0,04/25/1994
Granger,57612,57612,100.0,04/26/1994
Granger,57612,57612,100.0,04/27/1994
Granger,57612,57612,100.0,04/28/1994
Granger,57612,57612,100.0,04/29/1994
Granger,57612,57612,100.0,04/30/1994
Granger,57612,57612,100.0,05/01/1994
Granger,57612,57612,100.0,05/02/1994
Granger,57612,57612,100.0,05/03/1994
Granger,57612,57612,100.0,05/04/1994
Granger,57612,57612,100.0,05/05/1994
Granger,57612,57612,100.0,05/06/1994
Granger,57612,57612,100.0,05/07/1994
Granger,57612,57612,100.0,05/08/1994
Granger,57612,57612,100.0,05/09/1994
Granger,57612,57612,100.0,05/10/1994
Granger,57612,57612,100.0,05/11/1994
Granger,57612,57612,100.0,05/12/1994
Granger,57612,57612,100.0,05/13/1994
Granger,57612,57612,100.0,05/14/1994
Granger,57612,57612,100.0,05/15/1994
Granger,57612,57612,100.0,05/16/1994
Granger,57612,57612,100.0,05/17/1994
Granger,57612,57612,100.0,05/18/1994
Granger,57612,57612,100.0,05/19/1994
Granger,57612,57612,100.0,05/20/1994
Granger,57612,57612,100.0,05/21/1994
Granger,57612,57612,100.0,05/22/1994
Granger,57612,57612,100.0,05/23/1994
Granger,57612,57612,100.0,05/24/1994
Granger,57612,57612,100.0,05/25/1994
Granger,57612,57612,100.0,05/26/1994
Granger,57612,57612,100.0,05/27/1994
Granger,57612,57612,100.0,05/28/1994
Granger,57612,57612,100.0,05/29/1994
Granger,57612,57612,100.0,05/30/1994
Granger,57612,57612,100.0,05/31/1994
Granger,57612,57612,100.0,06/01/1994
Granger,57612,57612,100.0,06/02/1994
Granger,57612,57612,100.0,06/03/1994
Granger,57612,57612,100.0,06/04/1994
Granger,57612,57612,100.0,06/05/1994
Granger,57612,57612,100.0,06/06/1994
Granger,57612,57612,100.0,06/07/1994
Granger,57612,57612,100.0,06/08/1994
Granger,57612,57612,100.0,06/09/1994
Granger,57612,57612,100.0,06/10/1994
Granger,57612,57612,100.0,06/11/1994
Granger,57612,57612,100.0,06/12/1994
Granger,57612,57612,100.0,06/13/1994
Granger,57612,57612,100.0,06/14/1994
Granger,57612,57612,100.0,06/15/1994
Granger,57612,57612,100.0,06/16/1994
Granger,57612,57612,100.0,06/17/1994
Granger,57612,57612,100.0,06/18/1994
Granger,57612,57612,100.0,06/19/1994
Granger,57612,57612,100.0,06/20/1994
Granger,57612,57612,100.0,06/21/1994
Granger,57612,57612,100.0,06/22/1994
Granger,57612,57612,100.0,06/23/1994
Granger,57612,57612,100.0,06/24/1994
Granger,57612,57612,100.0,06/25/1994
Granger,57612,57612,100.0,06/26/1994
Granger,57612,57612,100.0,06/27/1994
Granger,57612,57612,100.0,06/28/1994
Granger,57612,57612,100.0,06/29/1994
Granger,57612,57612,100.0,06/30/1994
Granger,57612,57612,100.0,07/01/1994
Granger,57612,57612,100.0,07/02/1994
Granger,57612,57612,100.0,07/03/1994
Granger,57612,57612,100.0,07/04/1994
Granger,57612,57612,100.0,07/05/1994
Granger,57612,57612,100.0,07/06/1994
Granger,57612,57612,100.0,07/07/1994
Granger,57612,57612,100.0,07/08/1994
Granger,57612,57612,100.0,07/09/1994
Granger,57612,57612,100.0,07/10/1994
Granger,57612,57612,100.0,07/11/1994
Granger,57612,57612,100.0,07/12/1994
Granger,57612,57612,100.0,07/13/1994
Granger,57612,57612,100.0,07/14/1994
Granger,57612,57612,100.0,07/15/1994
Granger,57612,57612,100.0,07/16/1994
Granger,57612,57612,100.0,07/17/1994
Granger,57612,57612,100.0,07/18/1994
Granger,57612,57612,100.0,07/19/1994
Granger,57612,57612,100.0,07/20/1994
Granger,57612,57612,100.0,07/21/1994
Granger,57612,57612,100.0,07/22/1994
Granger,57612,57612,100.0,07/23/1994
Granger,57612,57612,100.0,07/24/1994
Granger,57612,57612,100.0,07/25/1994
Granger,57612,57612,100.0,07/26/1994
Granger,57612,57612,100.0,07/27/1994
Granger,57612,57612,100.0,07/28/1994
Granger,57612,57612,100.0,07/29/1994
Granger,57612,57612,100.0,07/30/1994
Granger,57612,57612,100.0,07/31/1994
Granger,57612,57612,100.0,08/01/1994
Granger,57612,57612,100.0,08/02/1994
Granger,57612,57612,100.0,08/03/1994
Granger,57612,57612,100.0,08/04/1994
Granger,57612,57612,100.0,08/05/1994
Granger,57612,57612,100.0,08/06/1994
Granger,57612,57612,100.0,08/07/1994
Granger,57612,57612,100.0,08/08/1994
Granger,57612,57612,100.0,08/09/1994
Granger,57612,57612,100.0,08/10/1994
Granger,57612,57612,100.0,08/11/1994
Granger,57612,57612,100.0,08/12/1994
Granger,57612,57612,100.0,08/13/1994
Granger,57612,57612,100.0,08/14/1994
Granger,57612,57612,100.0,08/15/1994
Granger,57612,57612,100.0,08/16/1994
Granger,57612,57612,100.0,08/17/1994
Granger,57612,57612,100.0,08/18/1994
Granger,57612,57612,100.0,08/19/1994
Granger,57612,57612,100.0,08/20/1994
Granger,57612,57612,100.0,08/21/1994
Granger,57612,57612,100.0,08/22/1994
Granger,57612,57612,100.0,08/23/1994
Granger,57612,57612,100.0,08/24/1994
Granger,57612,57612,100.0,08/25/1994
Granger,57612,57612,100.0,08/26/1994
Granger,57612,57612,100.0,08/27/1994
Granger,57612,57612,100.0,08/28/1994
Granger,57612,57612,100.0,08/29/1994
Granger,57612,57612,100.0,08/30/1994
Granger,57612,57612,100.0,08/31/1994
Granger,57612,57612,100.0,09/01/1994
Granger,57612,57612,100.0,09/02/1994
Granger,57612,57612,100.0,09/03/1994
Granger,57612,57612,100.0,09/04/1994
Granger,57612,57612,100.0,09/05/1994
Granger,57612,57612,100.0,09/06/1994
Granger,57612,57612,100.0,09/07/1994
Granger,57612,57612,100.0,09/08/1994
Granger,57612,57612,100.0,09/09/1994
Granger,57612,57612,100.0,09/10/1994
Granger,57612,57612,100.0,09/11/1994
Granger,57612,57612,100.0,09/12/1994
Granger,57612,57612,100.0,09/13/1994
Granger,57612,57612,100.0,09/14/1994
Granger,57612,57612,100.0,09/15/1994
Granger,57612,57612,100.0,09/16/1994
Granger,57612,57612,100.0,09/17/1994
Granger,57612,57612,100.0,09/18/1994
Granger,57612,57612,100.0,09/19/1994
Granger,57612,57612,100.0,09/20/1994
Granger,57612,57612,100.0,09/21/1994
Granger,57612,57612,100.0,09/22/1994
Granger,57612,57612,100.0,09/23/1994
Granger,57612,57612,100.0,09/24/1994
Granger,57612,57612,100.0,09/25/1994
Granger,57612,57612,100.0,09/26/1994
Granger,57612,57612,100.0,09/27/1994
Granger,57612,57612,100.0,09/28/1994
Granger,57612,57612,100.0,09/29/1994
Granger,57612,57612,100.0,09/30/1994
Granger,57612,57612,100.0,10/01/1994
Granger,57612,57612,100.0,10/02/1994
Granger,57612,57612,100.0,10/03/1994
Granger,57612,57612,100.0,10/04/1994
Granger,57612,57612,100.0,10/05/1994
Granger,57612,57612,100.0,10/06/1994
Granger,57612,57612,100.0,10/07/1994
Granger,57612,57612,100.0,10/08/1994
Granger,57612,57612,100.0,10/09/1994
Granger,57612,57612,100.0,10/10/1994
Granger,57612,57612,100.0,10/11/1994
Granger,57612,57612,100.0,10/12/1994
Granger,57612,57612,100.0,10/13/1994
Granger,57612,57612,100.0,10/14/1994
Granger,57612,57612,100.0,10/15/1994
Granger,57612,57612,100.0,10/16/1994
Granger,57612,57612,100.0,10/17/1994
Granger,57612,57612,100.0,10/18/1994
Granger,57612,57612,100.0,10/19/1994
Granger,57612,57612,100.0,10/20/1994
Granger,57612,57612,100.0,10/21/1994
Granger,57612,57612,100.0,10/22/1994
Granger,57612,57612,100.0,10/23/1994
Granger,57612,57612,100.0,10/24/1994
Granger,57612,57612,100.0,10/25/1994
Granger,57612,57612,100.0,10/26/1994
Granger,57612,57612,100.0,10/27/1994
Granger,57612,57612,100.0,10/28/1994
Granger,57612,57612,100.0,10/29/1994
Granger,57612,57612,100.0,10/30/1994
Granger,57612,57612,100.0,10/31/1994
Granger,57612,57612,100.0,11/01/1994
Granger,57612,57612,100.0,11/02/1994
Granger,57612,57612,100.0,11/03/1994
Granger,57612,57612,100.0,11/04/1994
Granger,57612,57612,100.0,11/05/1994
Granger,57612,57612,100.0,11/06/1994
Granger,57612,57612,100.0,11/07/1994
Granger,57612,57612,100.0,11/08/1994
Granger,57612,57612,100.0,11/09/1994
Granger,57612,57612,100.0,11/10/1994
Granger,57612,57612,100.0,11/11/1994
Granger,57612,57612,100.0,11/12/1994
Granger,57612,57612,100.0,11/13/1994
Granger,57612,57612,100.0,11/14/1994
Granger,57612,57612,100.0,11/15/1994
Granger,57612,57612,100.0,11/16/1994
Granger,57612,57612,100.0,11/17/1994
Granger,57612,57612,100.0,11/18/1994
Granger,57612,57612,100.0,11/19/1994
Granger,57612,57612,100.0,11/20/1994
Granger,57612,57612,100.0,11/21/1994
Granger,57612,57612,100.0,11/22/1994
Granger,57612,57612,100.0,11/23/1994
Granger,57612,57612,100.0,11/24/1994
Granger,57612,57612,100.0,11/25/1994
Granger,57612,57612,100.0,11/26/1994
Granger,57612,57612,100.0,11/27/1994
Granger,57612,57612,100.0,11/28/1994
Granger,57612,57612,100.0,11/29/1994
Granger,57612,57612,100.0,11/30/1994
Granger,57612,57612,100.0,12/01/1994
Granger,57612,57612,100.0,12/02/1994
Granger,57612,57612,100.0,12/03/1994
Granger,57612,57612,100.0,12/04/1994
Granger,57612,57612,100.0,12/05/1994
Granger,57612,57612,100.0,12/06/1994
Granger,57612,57612,100.0,12/07/1994
Granger,57612,57612,100.0,12/08/1994
Granger,57612,57612,100.0,12/09/1994
Granger,57612,57612,100.0,12/10/1994
Granger,57612,57612,100.0,12/11/1994
Granger,57612,57612,100.0,12/12/1994
Granger,57612,57612,100.0,12/13/1994
Granger,57612,57612,100.0,12/14/1994
Granger,57612,57612,100.0,12/15/1994
Granger,57612,57612,100.0,12/16/1994
Granger,57612,57612,100.0,12/17/1994
Granger,57612,57612,100.0,12/18/1994
Granger,57612,57612,100.0,12/19/1994
Granger,57612,57612,100.0,12/20/1994
Granger,57612,57612,100.0,12/21/1994
Granger,57612,57612,100.0,12/22/1994
Granger,57612,57612,100.0,12/23/1994
Granger,57612,57612,100.0,12/24/1994
Granger,57612,57612,100.0,12/25/1994
Granger,57612,57612,100.0,12/26/1994
Granger,57612,57612,100.0,12/27/1994
Granger,57612,57612,100.0,12/28/1994
Granger,57612,57612,100.0,12/29/1994
Granger,57612,57612,100.0,12/30/1994
Granger,57612,57612,100.0,12/31/1994
Granger,57612,57612,100.0,01/01/1995
Granger,57612,57612,100.0,01/02/1995
Granger,57612,57612,100.0,01/03/1995
Granger,57612,57612,100.0,01/04/1995
Granger,57612,57612,100.0,01/05/1995
Granger,57612,57612,100.0,01/06/1995
Granger,57612,57612,100.0,01/07/1995
Granger,57612,57612,100.0,01/08/1995
Granger,57612,57612,100.0,01/09/1995
Granger,57612,57612,100.0,01/10/1995
Granger,57612,57612,100.0,01/11/1995
Granger,57612,57612,100.0,01/12/1995
Granger,57612,57612,100.0,01/13/1995
Granger,57612,57612,100.0,01/14/1995
Granger,57612,57612,100.0,01/15/1995
Granger,57612,57612,100.0,01/16/1995
Granger,57612,57612,100.0,01/17/1995
Granger,57612,57612,100.0,01/18/1995
Granger,57612,57612,100.0,01/19/1995
Granger,57612,57612,100.0,01/20/1995
Granger,57612,57612,100.0,01/21/1995
Granger,57612,57612,100.0,01/22/1995
Granger,57612,57612,100.0,01/23/1995
Granger,57612,57612,100.0,01/24/1995
Granger,57612,57612,100.0,01/25/1995
Granger,57612,57612,100.0,01/26/1995
Granger,57612,57612,100.0,01/27/1995
Granger,57612,57612,100.0,01/28/1995
Granger,57612,57612,100.0,01/29/1995
Granger,57612,57612,100.0,01/30/1995
Granger,57612,57612,100.0,01/31/1995
Granger,57612,57612,100.0,02/01/1995
Granger,57612,57612,100.0,02/02/1995
Granger,57612,57612,100.0,02/03/1995
Granger,57612,57612,100.0,02/04/1995
Granger,57612,57612,100.0,02/05/1995
Granger,57612,57612,100.0,02/06/1995
Granger,57612,57612,100.0,02/07/1995
Granger,57612,57612,100.0,02/08/1995
Granger,57612,57612,100.0,02/09/1995
Granger,57612,57612,100.0,02/10/1995
Granger,57612,57612,100.0,02/11/1995
Granger,57612,57612,100.0,02/12/1995
Granger,57612,57612,100.0,02/13/1995
Granger,57612,57612,100.0,02/14/1995
Granger,57612,57612,100.0,02/15/1995
Granger,57612,57612,100.0,02/16/1995
Granger,57612,57612,100.0,02/17/1995
Granger,57612,57612,100.0,02/18/1995
Granger,57612,57612,100.0,02/19/1995
Granger,57612,57612,100.0,02/20/1995
Granger,57612,57612,100.0,02/21/1995
Granger,57612,57612,100.0,02/22/1995
Granger,57612,57612,100.0,02/23/1995
Granger,57612,57612,100.0,02/24/1995
Granger,57612,57612,100.0,02/25/1995
Granger,57612,57612,100.0,02/26/1995
Granger,57612,57612,100.0,02/27/1995
Granger,57612,57612,100.0,02/28/1995
Granger,57612,57612,100.0,03/01/1995
Granger,57612,57612,100.0,03/02/1995
Granger,57612,57612,100.0,03/03/1995
Granger,57612,57612,100.0,03/04/1995
Granger,57612,57612,100.0,03/05/1995
Granger,57612,57612,100.0,03/06/1995
Granger,57612,57612,100.0,03/07/1995
Granger,57612,57612,100.0,03/08/1995
Granger,57612,57612,100.0,03/09/1995
Granger,57612,57612,100.0,03/10/1995
Granger,57612,57612,100.0,03/11/1995
Granger,57612,57612,100.0,03/12/1995
Granger,57612,57612,100.0,03/13/1995
Granger,57612,57612,100.0,03/14/1995
Granger,57612,57612,100.0,03/15/1995
Granger,57612,57612,100.0,03/16/1995
Granger,57612,57612,100.0,03/17/1995
Granger,57612,57612,100.0,03/18/1995
Granger,57612,57612,100.0,03/19/1995
Granger,57612,57612,100.0,03/20/1995
Granger,57612,57612,100.0,03/21/1995
Granger,57612,57612,100.0,03/22/1995
Granger,57612,57612,100.0,03/23/1995
Granger,57612,57612,100.0,03/24/1995
Granger,57612,57612,100.0,03/25/1995
Granger,57612,57612,100.0,03/26/1995
Granger,57612,57612,100.0,03/27/1995
Granger,57612,57612,100.0,03/28/1995
Granger,57612,57612,100.0,03/29/1995
Granger,57612,57612,100.0,03/30/1995
Granger,57612,57612,100.0,03/31/1995
Granger,57612,57612,100.0,04/01/1995
Granger,57612,57612,100.0,04/02/1995
Granger,57612,57612,100.0,04/03/1995
Granger,57612,57612,100.0,04/04/1995
Granger,57612,57612,100.0,04/05/1995
Granger,57612,57612,100.0,04/06/1995
Granger,57612,57612,100.0,04/07/1995
Granger,57612,57612,100.0,04/08/1995
Granger,57612,57612,100.0,04/09/1995
Granger,57612,57612,100.0,04/10/1995
Granger,57612,57612,100.0,04/11/1995
Granger,57612,57612,100.0,04/12/1995
Granger,57612,57612,100.0,04/13/1995
Granger,57612,57612,100.0,04/14/1995
Granger,57612,57612,100.0,04/15/1995
Granger,57612,57612,100.0,04/16/1995
Granger,57612,57612,100.0,04/17/1995
Granger,57612,57612,100.0,04/18/1995
Granger,57612,57612,100.0,04/19/1995
Granger,57612,57612,100.0,04/20/1995
Granger,57612,57612,100.0,04/21/1995
Granger,57612,57612,100.0,04/22/1995
Granger,57612,57612,100.0,04/23/1995
Granger,57612,57612,100.0,04/24/1995
Granger,57612,57612,100.0,04/25/1995
Granger,57612,57612,100.0,04/26/1995
Granger,57612,57612,100.0,04/27/1995
Granger,57612,57612,100.0,04/28/1995
Granger,57612,57612,100.0,04/29/1995
Granger,57612,57612,100.0,04/30/1995
Granger,57612,57612,100.0,05/01/1995
Granger,57612,57612,100.0,05/02/1995
Granger,57612,57612,100.0,05/03/1995
Granger,57612,57612,100.0,05/04/1995
Granger,57612,57612,100.0,05/05/1995
Granger,57612,57612,100.0,05/06/1995
Granger,57612,57612,100.0,05/07/1995
Granger,57612,57612,100.0,05/08/1995
Granger,57612,57612,100.0,05/09/1995
Granger,57612,57612,100.0,05/10/1995
Granger,57612,57612,100.0,05/11/1995
Granger,57612,57612,100.0,05/12/1995
Granger,57612,57612,100.0,05/13/1995
Granger,57612,57612,100.0,05/14/1995
Granger,57612,57612,100.0,05/15/1995
Granger,57612,57612,100.0,05/16/1995
Granger,57612,57612,100.0,05/17/1995
Granger,57612,57612,100.0,05/18/1995
Granger,57612,57612,100.0,05/19/1995
Granger,57612,57612,100.0,05/20/1995
Granger,57612,57612,100.0,05/21/1995
Granger,57612,57612,100.0,05/22/1995
Granger,57612,57612,100.0,05/23/1995
Granger,57612,57612,100.0,05/24/1995
Granger,57612,57612,100.0,05/25/1995
Granger,57612,57612,100.0,05/26/1995
Granger,57612,57612,100.0,05/27/1995
Granger,57612,57612,100.0,05/28/1995
Granger,57612,57612,100.0,05/29/1995
Granger,57612,57612,100.0,05/30/1995
Granger,57612,57612,100.0,05/31/1995
Granger,57612,57612,100.0,06/01/1995
Granger,57612,57612,100.0,06/02/1995
Granger,57612,57612,100.0,06/03/1995
Granger,57612,57612,100.0,06/04/1995
Granger,57612,57612,100.0,06/05/1995
Granger,57612,57612,100.0,06/06/1995
Granger,57612,57612,100.0,06/07/1995
Granger,57612,57612,100.0,06/08/1995
Granger,57612,57612,100.0,06/09/1995
Granger,57612,57612,100.0,06/10/1995
Granger,57612,57612,100.0,06/11/1995
Granger,57612,57612,100.0,06/12/1995
Granger,57612,57612,100.0,06/13/1995
Granger,57612,57612,100.0,06/14/1995
Granger,57612,57612,100.0,06/15/1995
Granger,57612,57612,100.0,06/16/1995
Granger,57612,57612,100.0,06/17/1995
Granger,57612,57612,100.0,06/18/1995
Granger,57612,57612,100.0,06/19/1995
Granger,57612,57612,100.0,06/20/1995
Granger,57612,57612,100.0,06/21/1995
Granger,57612,57612,100.0,06/22/1995
Granger,57612,57612,100.0,06/23/1995
Granger,57612,57612,100.0,06/24/1995
Granger,57612,57612,100.0,06/25/1995
Granger,57612,57612,100.0,06/26/1995
Granger,57612,57612,100.0,06/27/1995
Granger,57612,57612,100.0,06/28/1995
Granger,57612,57612,100.0,06/29/1995
Granger,57612,57612,100.0,06/30/1995
Granger,57612,57612,100.0,07/01/1995
Granger,57612,57612,100.0,07/02/1995
Granger,57612,57612,100.0,07/03/1995
Granger,57612,57612,100.0,07/04/1995
Granger,57612,57612,100.0,07/05/1995
Granger,57612,57612,100.0,07/06/1995
Granger,57612,57612,100.0,07/07/1995
Granger,57612,57612,100.0,07/08/1995
Granger,57612,57612,100.0,07/09/1995
Granger,57612,57612,100.0,07/10/1995
Granger,57612,57612,100.0,07/11/1995
Granger,57612,57612,100.0,07/12/1995
Granger,57612,57612,100.0,07/13/1995
Granger,57612,57612,100.0,07/14/1995
Granger,57612,57612,100.0,07/15/1995
Granger,57612,57612,100.0,07/16/1995
Granger,57612,57612,100.0,07/17/1995
Granger,57612,57612,100.0,07/18/1995
Granger,57612,57612,100.0,07/19/1995
Granger,57612,57612,100.0,07/20/1995
Granger,57612,57612,100.0,07/21/1995
Granger,57612,57612,100.0,07/22/1995
Granger,57612,57612,100.0,07/23/1995
Granger,57612,57612,100.0,07/24/1995
Granger,57612,57612,100.0,07/25/1995
Granger,57612,57612,100.0,07/26/1995
Granger,57612,57612,100.0,07/27/1995
Granger,57612,57612,100.0,07/28/1995
Granger,57612,57612,100.0,07/29/1995
Granger,57612,57612,100.0,07/30/1995
Granger,57612,57612,100.0,07/31/1995
Granger,57612,57612,100.0,08/01/1995
Granger,57612,57612,100.0,08/02/1995
Granger,57612,57612,100.0,08/03/1995
Granger,57612,57612,100.0,08/04/1995
Granger,57612,57612,100.0,08/05/1995
Granger,57612,57612,100.0,08/06/1995
Granger,57612,57612,100.0,08/07/1995
Granger,57612,57612,100.0,08/08/1995
Granger,57612,57612,100.0,08/09/1995
Granger,57612,57612,100.0,08/10/1995
Granger,57612,57612,100.0,08/11/1995
Granger,57612,57612,100.0,08/12/1995
Granger,57612,57612,100.0,08/13/1995
Granger,57612,57612,100.0,08/14/1995
Granger,57612,57612,100.0,08/15/1995
Granger,57612,57612,100.0,08/16/1995
Granger,57612,57612,100.0,08/17/1995
Granger,57612,57612,100.0,08/18/1995
Granger,57612,57612,100.0,08/19/1995
Granger,57612,57612,100.0,08/20/1995
Granger,57612,57612,100.0,08/21/1995
Granger,57612,57612,100.0,08/22/1995
Granger,57612,57612,100.0,08/23/1995
Granger,57612,57612,100.0,08/24/1995
Granger,57612,57612,100.0,08/25/1995
Granger,57612,57612,100.0,08/26/1995
Granger,57612,57612,100.0,08/27/1995
Granger,57612,57612,100.0,08/28/1995
Granger,57612,57612,100.0,08/29/1995
Granger,57612,57612,100.0,08/30/1995
Granger,57612,57612,100.0,08/31/1995
Granger,57612,57612,100.0,09/01/1995
Granger,57612,57612,100.0,09/02/1995
Granger,57612,57612,100.0,09/03/1995
Granger,57612,57612,100.0,09/04/1995
Granger,57612,57612,100.0,09/05/1995
Granger,57612,57612,100.0,09/06/1995
Granger,57612,57612,100.0,09/07/1995
Granger,57612,57612,100.0,09/08/1995
Granger,57612,57612,100.0,09/09/1995
Granger,57612,57612,100.0,09/10/1995
Granger,57612,57612,100.0,09/11/1995
Granger,57612,57612,100.0,09/12/1995
Granger,57612,57612,100.0,09/13/1995
Granger,57612,57612,100.0,09/14/1995
Granger,57612,57612,100.0,09/15/1995
Granger,57612,57612,100.0,09/16/1995
Granger,57612,57612,100.0,09/17/1995
Granger,57612,57612,100.0,09/18/1995
Granger,57612,57612,100.0,09/19/1995
Granger,57612,57612,100.0,09/20/1995
Granger,57612,57612,100.0,09/21/1995
Granger,57612,57612,100.0,09/22/1995
Granger,57612,57612,100.0,09/23/1995
Granger,57612,57612,100.0,09/24/1995
Granger,57612,57612,100.0,09/25/1995
Granger,57612,57612,100.0,09/26/1995
Granger,57612,57612,100.0,09/27/1995
Granger,57612,57612,100.0,09/28/1995
Granger,57612,57612,100.0,09/29/1995
Granger,57612,57612,100.0,09/30/1995
Granger,57612,57612,100.0,10/01/1995
Granger,57612,57612,100.0,10/02/1995
Granger,57612,57612,100.0,10/03/1995
Granger,57612,57612,100.0,10/04/1995
Granger,57612,57612,100.0,10/05/1995
Granger,57612,57612,100.0,10/06/1995
Granger,57523,57612,99.8,10/07/1995
Granger,57523,57612,99.8,10/08/1995
Granger,57479,57612,99.8,10/09/1995
Granger,57390,57612,99.6,10/10/1995
Granger,57390,57612,99.6,10/11/1995
Granger,57390,57612,99.6,10/12/1995
Granger,57390,57612,99.6,10/13/1995
Granger,57390,57612,99.6,10/14/1995
Granger,57256,57612,99.4,10/15/1995
Granger,57212,57612,99.3,10/16/1995
Granger,57212,57612,99.3,10/17/1995
Granger,57123,57612,99.2,10/18/1995
Granger,57123,57612,99.2,10/19/1995
Granger,57123,57612,99.2,10/20/1995
Granger,56989,57612,98.9,10/21/1995
Granger,56945,57612,98.8,10/22/1995
Granger,56856,57612,98.7,10/23/1995
Granger,56811,57612,98.6,10/24/1995
Granger,56722,57612,98.5,10/25/1995
Granger,56767,57612,98.5,10/26/1995
Granger,56811,57612,98.6,10/27/1995
Granger,56767,57612,98.5,10/28/1995
Granger,56678,57612,98.4,10/29/1995
Granger,56678,57612,98.4,10/30/1995
Granger,56678,57612,98.4,10/31/1995
Granger,56767,57612,98.5,11/01/1995
Granger,57390,57612,99.6,11/02/1995
Granger,57390,57612,99.6,11/03/1995
Granger,57256,57612,99.4,11/04/1995
Granger,57256,57612,99.4,11/05/1995
Granger,57301,57612,99.5,11/06/1995
Granger,57390,57612,99.6,11/07/1995
Granger,57390,57612,99.6,11/08/1995
Granger,57390,57612,99.6,11/09/1995
Granger,57434,57612,99.7,11/10/1995
Granger,57523,57612,99.8,11/11/1995
Granger,57390,57612,99.6,11/12/1995
Granger,57390,57612,99.6,11/13/1995
Granger,57390,57612,99.6,11/14/1995
Granger,57345,57612,99.5,11/15/1995
Granger,57390,57612,99.6,11/16/1995
Granger,57390,57612,99.6,11/17/1995
Granger,57612,57612,100.0,11/18/1995
Granger,57612,57612,100.0,11/19/1995
Granger,57612,57612,100.0,11/20/1995
Granger,57612,57612,100.0,11/21/1995
Granger,57612,57612,100.0,11/22/1995
Granger,57612,57612,100.0,11/23/1995
Granger,57612,57612,100.0,11/24/1995
Granger,57612,57612,100.0,11/25/1995
Granger,57612,57612,100.0,11/26/1995
Granger,57612,57612,100.0,11/27/1995
Granger,57612,57612,100.0,11/28/1995
Granger,57612,57612,100.0,11/29/1995
Granger,57612,57612,100.0,11/30/1995
Granger,57612,57612,100.0,12/01/1995
Granger,57612,57612,100.0,12/02/1995
Granger,57612,57612,100.0,12/03/1995
Granger,57612,57612,100.0,12/04/1995
Granger,57612,57612,100.0,12/05/1995
Granger,57612,57612,100.0,12/06/1995
Granger,57612,57612,100.0,12/07/1995
Granger,57612,57612,100.0,12/08/1995
Granger,57612,57612,100.0,12/09/1995
Granger,57612,57612,100.0,12/10/1995
Granger,57612,57612,100.0,12/11/1995
Granger,57612,57612,100.0,12/12/1995
Granger,57612,57612,100.0,12/13/1995
Granger,57612,57612,100.0,12/14/1995
Granger,57612,57612,100.0,12/15/1995
Granger,57612,57612,100.0,12/16/1995
Granger,57612,57612,100.0,12/17/1995
Granger,57612,57612,100.0,12/18/1995
Granger,57612,57612,100.0,12/19/1995
Granger,57612,57612,100.0,12/20/1995
Granger,57612,57612,100.0,12/21/1995
Granger,57612,57612,100.0,12/22/1995
Granger,57612,57612,100.0,12/23/1995
Granger,57612,57612,100.0,12/24/1995
Granger,57612,57612,100.0,12/25/1995
Granger,57612,57612,100.0,12/26/1995
Granger,57612,57612,100.0,12/27/1995
Granger,57612,57612,100.0,12/28/1995
Granger,57612,57612,100.0,12/29/1995
Granger,57612,57612,100.0,12/30/1995
Granger,57612,57612,100.0,12/31/1995
Granger,57612,57612,100.0,01/01/1996
Granger,57612,57612,100.0,01/02/1996
Granger,57612,57612,100.0,01/03/1996
Granger,57612,57612,100.0,01/04/1996
Granger,57612,57612,100.0,01/05/1996
Granger,57612,57612,100.0,01/06/1996
Granger,57612,57612,100.0,01/07/1996
Granger,57612,57612,100.0,01/08/1996
Granger,57612,57612,100.0,01/09/1996
Granger,57612,57612,100.0,01/10/1996
Granger,57612,57612,100.0,01/11/1996
Granger,57612,57612,100.0,01/12/1996
Granger,57612,57612,100.0,01/13/1996
Granger,57612,57612,100.0,01/14/1996
Granger,57612,57612,100.0,01/15/1996
Granger,57612,57612,100.0,01/16/1996
Granger,57612,57612,100.0,01/17/1996
Granger,57612,57612,100.0,01/18/1996
Granger,57612,57612,100.0,01/19/1996
Granger,57612,57612,100.0,01/20/1996
Granger,57612,57612,100.0,01/21/1996
Granger,57612,57612,100.0,01/22/1996
Granger,57612,57612,100.0,01/23/1996
Granger,57612,57612,100.0,01/24/1996
Granger,57612,57612,100.0,01/25/1996
Granger,57612,57612,100.0,01/26/1996
Granger,57612,57612,100.0,01/27/1996
Granger,57612,57612,100.0,01/28/1996
Granger,57612,57612,100.0,01/29/1996
Granger,57612,57612,100.0,01/30/1996
Granger,57612,57612,100.0,01/31/1996
Granger,57612,57612,100.0,02/01/1996
Granger,57612,57612,100.0,02/02/1996
Granger,57612,57612,100.0,02/03/1996
Granger,57612,57612,100.0,02/04/1996
Granger,57612,57612,100.0,02/05/1996
Granger,57612,57612,100.0,02/06/1996
Granger,57612,57612,100.0,02/07/1996
Granger,57612,57612,100.0,02/08/1996
Granger,57612,57612,100.0,02/09/1996
Granger,57612,57612,100.0,02/10/1996
Granger,57612,57612,100.0,02/11/1996
Granger,57612,57612,100.0,02/12/1996
Granger,57612,57612,100.0,02/13/1996
Granger,57612,57612,100.0,02/14/1996
Granger,57612,57612,100.0,02/15/1996
Granger,57612,57612,100.0,02/16/1996
Granger,57612,57612,100.0,02/17/1996
Granger,57612,57612,100.0,02/18/1996
Granger,57612,57612,100.0,02/19/1996
Granger,57612,57612,100.0,02/20/1996
Granger,57612,57612,100.0,02/21/1996
Granger,57612,57612,100.0,02/22/1996
Granger,57612,57612,100.0,02/23/1996
Granger,57612,57612,100.0,02/24/1996
Granger,57612,57612,100.0,02/25/1996
Granger,57612,57612,100.0,02/26/1996
Granger,57612,57612,100.0,02/27/1996
Granger,57612,57612,100.0,02/28/1996
Granger,57612,57612,100.0,02/29/1996
Granger,57612,57612,100.0,03/01/1996
Granger,57612,57612,100.0,03/02/1996
Granger,57612,57612,100.0,03/03/1996
Granger,57612,57612,100.0,03/04/1996
Granger,57612,57612,100.0,03/05/1996
Granger,57612,57612,100.0,03/06/1996
Granger,57612,57612,100.0,03/07/1996
Granger,57612,57612,100.0,03/08/1996
Granger,57612,57612,100.0,03/09/1996
Granger,57612,57612,100.0,03/10/1996
Granger,57612,57612,100.0,03/11/1996
Granger,57612,57612,100.0,03/12/1996
Granger,57612,57612,100.0,03/13/1996
Granger,57612,57612,100.0,03/14/1996
Granger,57612,57612,100.0,03/15/1996
Granger,57612,57612,100.0,03/16/1996
Granger,57612,57612,100.0,03/17/1996
Granger,57612,57612,100.0,03/18/1996
Granger,57612,57612,100.0,03/19/1996
Granger,57612,57612,100.0,03/20/1996
Granger,57612,57612,100.0,03/21/1996
Granger,57612,57612,100.0,03/22/1996
Granger,57612,57612,100.0,03/23/1996
Granger,57612,57612,100.0,03/24/1996
Granger,57612,57612,100.0,03/25/1996
Granger,57523,57612,99.8,03/26/1996
Granger,57568,57612,99.9,03/27/1996
Granger,57612,57612,100.0,03/28/1996
Granger,57612,57612,100.0,03/29/1996
Granger,57612,57612,100.0,03/30/1996
Granger,57612,57612,100.0,03/31/1996
Granger,57612,57612,100.0,04/01/1996
Granger,57612,57612,100.0,04/02/1996
Granger,57612,57612,100.0,04/03/1996
Granger,57612,57612,100.0,04/04/1996
Granger,57612,57612,100.0,04/05/1996
Granger,57612,57612,100.0,04/06/1996
Granger,57612,57612,100.0,04/07/1996
Granger,57612,57612,100.0,04/08/1996
Granger,57612,57612,100.0,04/09/1996
Granger,57612,57612,100.0,04/10/1996
Granger,57612,57612,100.0,04/11/1996
Granger,57612,57612,100.0,04/12/1996
Granger,57612,57612,100.0,04/13/1996
Granger,57612,57612,100.0,04/14/1996
Granger,57612,57612,100.0,04/15/1996
Granger,57612,57612,100.0,04/16/1996
Granger,57568,57612,99.9,04/17/1996
Granger,57568,57612,99.9,04/18/1996
Granger,57523,57612,99.8,04/19/1996
Granger,57479,57612,99.8,04/20/1996
Granger,57434,57612,99.7,04/21/1996
Granger,57434,57612,99.7,04/22/1996
Granger,57523,57612,99.8,04/23/1996
Granger,57390,57612,99.6,04/24/1996
Granger,57390,57612,99.6,04/25/1996
Granger,57256,57612,99.4,04/26/1996
Granger,57167,57612,99.2,04/27/1996
Granger,57167,57612,99.2,04/28/1996
Granger,57301,57612,99.5,04/29/1996
Granger,57212,57612,99.3,04/30/1996
Granger,57123,57612,99.2,05/01/1996
Granger,57034,57612,99.0,05/02/1996
Granger,56989,57612,98.9,05/03/1996
Granger,57034,57612,99.0,05/04/1996
Granger,56945,57612,98.8,05/05/1996
Granger,56856,57612,98.7,05/06/1996
Granger,56856,57612,98.7,05/07/1996
Granger,56856,57612,98.7,05/08/1996
Granger,56767,57612,98.5,05/09/1996
Granger,56722,57612,98.5,05/10/1996
Granger,56678,57612,98.4,05/11/1996
Granger,56544,57612,98.1,05/12/1996
Granger,56544,57612,98.1,05/13/1996
Granger,56456,57612,98.0,05/14/1996
Granger,56411,57612,97.9,05/15/1996
Granger,56233,57612,97.6,05/16/1996
Granger,56144,57612,97.5,05/17/1996
Granger,55966,57612,97.1,05/18/1996
Granger,55877,57612,97.0,05/19/1996
Granger,55744,57612,96.8,05/20/1996
Granger,55610,57612,96.5,05/21/1996
Granger,55521,57612,96.4,05/22/1996
Granger,55388,57612,96.1,05/23/1996
Granger,55255,57612,95.9,05/24/1996
Granger,55077,57612,95.6,05/25/1996
Granger,54899,57612,95.3,05/26/1996
Granger,54854,57612,95.2,05/27/1996
Granger,54943,57612,95.4,05/28/1996
Granger,54899,57612,95.3,05/29/1996
Granger,54810,57612,95.1,05/30/1996
Granger,55699,57612,96.7,05/31/1996
Granger,55744,57612,96.8,06/01/1996
Granger,55699,57612,96.7,06/02/1996
Granger,55788,57612,96.8,06/03/1996
Granger,55744,57612,96.8,06/04/1996
Granger,56322,57612,97.8,06/05/1996
Granger,56278,57612,97.7,06/06/1996
Granger,56144,57612,97.5,06/07/1996
Granger,56678,57612,98.4,06/08/1996
Granger,56678,57612,98.4,06/09/1996
Granger,56633,57612,98.3,06/10/1996
Granger,56500,57612,98.1,06/11/1996
Granger,56500,57612,98.1,06/12/1996
Granger,56411,57612,97.9,06/13/1996
Granger,56322,57612,97.8,06/14/1996
Granger,56278,57612,97.7,06/15/1996
Granger,56144,57612,97.5,06/16/1996
Granger,56055,57612,97.3,06/17/1996
Granger,55966,57612,97.1,06/18/1996
Granger,55877,57612,97.0,06/19/1996
Granger,55744,57612,96.8,06/20/1996
Granger,55610,57612,96.5,06/21/1996
Granger,55432,57612,96.2,06/22/1996
Granger,55432,57612,96.2,06/23/1996
Granger,55344,57612,96.1,06/24/1996
Granger,55344,57612,96.1,06/25/1996
Granger,55344,57612,96.1,06/26/1996
Granger,55299,57612,96.0,06/27/1996
Granger,55255,57612,95.9,06/28/1996
Granger,55121,57612,95.7,06/29/1996
Granger,55032,57612,95.5,06/30/1996
Granger,54988,57612,95.4,07/01/1996
Granger,54899,57612,95.3,07/02/1996
Granger,54721,57612,95.0,07/03/1996
Granger,54632,57612,94.8,07/04/1996
Granger,54543,57612,94.7,07/05/1996
Granger,54365,57612,94.4,07/06/1996
Granger,54187,57612,94.1,07/07/1996
Granger,54098,57612,93.9,07/08/1996
Granger,53876,57612,93.5,07/09/1996
Granger,53742,57612,93.3,07/10/1996
Granger,53653,57612,93.1,07/11/1996
Granger,53564,57612,93.0,07/12/1996
Granger,53431,57612,92.7,07/13/1996
Granger,53342,57612,92.6,07/14/1996
Granger,53164,57612,92.3,07/15/1996
Granger,53075,57612,92.1,07/16/1996
Granger,52942,57612,91.9,07/17/1996
Granger,52808,57612,91.7,07/18/1996
Granger,52675,57612,91.4,07/19/1996
Granger,52586,57612,91.3,07/20/1996
Granger,52408,57612,91.0,07/21/1996
Granger,52274,57612,90.7,07/22/1996
Granger,52096,57612,90.4,07/23/1996
Granger,51830,57612,90.0,07/24/1996
Granger,51696,57612,89.7,07/25/1996
Granger,52052,57612,90.3,07/26/1996
Granger,51919,57612,90.1,07/27/1996
Granger,51830,57612,90.0,07/28/1996
Granger,51696,57612,89.7,07/29/1996
Granger,51518,57612,89.4,07/30/1996
Granger,51429,57612,89.3,07/31/1996
Granger,51296,57612,89.0,08/01/1996
Granger,51162,57612,88.8,08/02/1996
Granger,57612,57612,100.0,08/03/1996
Granger,57612,57612,100.0,08/04/1996
Granger,57612,57612,100.0,08/05/1996
Granger,57612,57612,100.0,08/06/1996
Granger,57612,57612,100.0,08/07/1996
Granger,57612,57612,100.0,08/08/1996
Granger,50139,57612,87.0,08/09/1996
Granger,49961,57612,86.7,08/10/1996
Granger,49917,57612,86.6,08/11/1996
Granger,49872,57612,86.6,08/12/1996
Granger,49695,57612,86.3,08/13/1996
Granger,49606,57612,86.1,08/14/1996
Granger,49428,57612,85.8,08/15/1996
Granger,49339,57612,85.6,08/16/1996
Granger,49250,57612,85.5,08/17/1996
Granger,49161,57612,85.3,08/18/1996
Granger,49072,57612,85.2,08/19/1996
Granger,49072,57612,85.2,08/20/1996
Granger,48983,57612,85.0,08/21/1996
Granger,48849,57612,84.8,08/22/1996
Granger,48894,57612,84.9,08/23/1996
Granger,49339,57612,85.6,08/24/1996
Granger,49517,57612,85.9,08/25/1996
Granger,49517,57612,85.9,08/26/1996
Granger,49606,57612,86.1,08/27/1996
Granger,49606,57612,86.1,08/28/1996
Granger,49517,57612,85.9,08/29/1996
Granger,49650,57612,86.2,08/30/1996
Granger,49961,57612,86.7,08/31/1996
Granger,51029,57612,88.6,09/01/1996
Granger,51652,57612,89.7,09/02/1996
Granger,51874,57612,90.0,09/03/1996
Granger,52185,57612,90.6,09/04/1996
Granger,52230,57612,90.7,09/05/1996
Granger,52230,57612,90.7,09/06/1996
Granger,52230,57612,90.7,09/07/1996
Granger,52185,57612,90.6,09/08/1996
Granger,52141,57612,90.5,09/09/1996
Granger,52274,57612,90.7,09/10/1996
Granger,52230,57612,90.7,09/11/1996
Granger,52185,57612,90.6,09/12/1996
Granger,52096,57612,90.4,09/13/1996
Granger,54587,57612,94.7,09/19/1996
Granger,57612,57612,100.0,09/20/1996
Granger,57612,57612,100.0,09/21/1996
Granger,57612,57612,100.0,09/22/1996
Granger,57612,57612,100.0,09/23/1996
Granger,57612,57612,100.0,09/24/1996
Granger,57612,57612,100.0,09/25/1996
Granger,57612,57612,100.0,09/26/1996
Granger,57612,57612,100.0,09/27/1996
Granger,57612,57612,100.0,09/28/1996
Granger,57612,57612,100.0,09/29/1996
Granger,57612,57612,100.0,09/30/1996
Granger,57612,57612,100.0,10/01/1996
Granger,57612,57612,100.0,10/02/1996
Granger,57612,57612,100.0,10/03/1996
Granger,57612,57612,100.0,10/04/1996
Granger,57612,57612,100.0,10/05/1996
Granger,57612,57612,100.0,10/06/1996
Granger,57612,57612,100.0,10/07/1996
Granger,56060,57612,97.3,10/08/1996
Granger,57612,57612,100.0,10/09/1996
Granger,57612,57612,100.0,10/10/1996
Granger,57612,57612,100.0,10/11/1996
Granger,57612,57612,100.0,10/12/1996
Granger,57612,57612,100.0,10/13/1996
Granger,57612,57612,100.0,10/14/1996
Granger,57612,57612,100.0,10/15/1996
Granger,57612,57612,100.0,10/16/1996
Granger,57612,57612,100.0,10/17/1996
Granger,57612,57612,100.0,10/18/1996
Granger,57612,57612,100.0,10/19/1996
Granger,57612,57612,100.0,10/20/1996
Granger,57612,57612,100.0,10/21/1996
Granger,57612,57612,100.0,10/22/1996
Granger,57612,57612,100.0,10/23/1996
Granger,57612,57612,100.0,10/24/1996
Granger,57612,57612,100.0,10/25/1996
Granger,57612,57612,100.0,10/26/1996
Granger,57612,57612,100.0,10/27/1996
Granger,57612,57612,100.0,10/28/1996
Granger,57612,57612,100.0,10/29/1996
Granger,57612,57612,100.0,10/30/1996
Granger,57612,57612,100.0,10/31/1996
Granger,57612,57612,100.0,11/01/1996
Granger,57612,57612,100.0,11/02/1996
Granger,57612,57612,100.0,11/03/1996
Granger,57612,57612,100.0,11/04/1996
Granger,57612,57612,100.0,11/05/1996
Granger,57612,57612,100.0,11/06/1996
Granger,57612,57612,100.0,11/07/1996
Granger,57612,57612,100.0,11/08/1996
Granger,57612,57612,100.0,11/09/1996
Granger,57612,57612,100.0,11/10/1996
Granger,57612,57612,100.0,11/11/1996
Granger,57612,57612,100.0,11/12/1996
Granger,57612,57612,100.0,11/13/1996
Granger,57612,57612,100.0,11/14/1996
Granger,57612,57612,100.0,11/15/1996
Granger,57612,57612,100.0,11/16/1996
Granger,57612,57612,100.0,11/17/1996
Granger,57612,57612,100.0,11/18/1996
Granger,57612,57612,100.0,11/19/1996
Granger,57612,57612,100.0,11/20/1996
Granger,57612,57612,100.0,11/21/1996
Granger,57612,57612,100.0,11/22/1996
Granger,57612,57612,100.0,11/23/1996
Granger,57612,57612,100.0,11/24/1996
Granger,57612,57612,100.0,11/25/1996
Granger,57612,57612,100.0,11/26/1996
Granger,57612,57612,100.0,11/27/1996
Granger,57612,57612,100.0,11/28/1996
Granger,57612,57612,100.0,11/29/1996
Granger,57612,57612,100.0,11/30/1996
Granger,57612,57612,100.0,12/01/1996
Granger,57612,57612,100.0,12/02/1996
Granger,57612,57612,100.0,12/03/1996
Granger,57612,57612,100.0,12/04/1996
Granger,57612,57612,100.0,12/05/1996
Granger,57612,57612,100.0,12/06/1996
Granger,57612,57612,100.0,12/07/1996
Granger,57612,57612,100.0,12/08/1996
Granger,57612,57612,100.0,12/09/1996
Granger,57612,57612,100.0,12/10/1996
Granger,57612,57612,100.0,12/11/1996
Granger,57612,57612,100.0,12/12/1996
Granger,57612,57612,100.0,12/13/1996
Granger,57612,57612,100.0,12/14/1996
Granger,57612,57612,100.0,12/15/1996
Granger,57612,57612,100.0,12/16/1996
Granger,57612,57612,100.0,12/17/1996
Granger,57612,57612,100.0,12/18/1996
Granger,57612,57612,100.0,12/19/1996
Granger,57612,57612,100.0,12/20/1996
Granger,57612,57612,100.0,12/21/1996
Granger,57612,57612,100.0,12/22/1996
Granger,57612,57612,100.0,12/23/1996
Granger,57390,57612,99.6,12/24/1996
Granger,56870,57612,98.7,12/25/1996
Granger,57612,57612,100.0,12/26/1996
Granger,57612,57612,100.0,12/27/1996
Granger,55600,57612,96.5,12/28/1996
Granger,55520,57612,96.4,12/29/1996
Granger,57612,57612,100.0,12/30/1996
Granger,57612,57612,100.0,12/31/1996
Granger,57612,57612,100.0,01/01/1997
Granger,57612,57612,100.0,01/02/1997
Granger,57612,57612,100.0,01/03/1997
Granger,57612,57612,100.0,01/04/1997
Granger,57612,57612,100.0,01/05/1997
Granger,57612,57612,100.0,01/06/1997
Granger,57612,57612,100.0,01/07/1997
Granger,57612,57612,100.0,01/08/1997
Granger,57612,57612,100.0,01/09/1997
Granger,57612,57612,100.0,01/10/1997
Granger,57612,57612,100.0,01/11/1997
Granger,57612,57612,100.0,01/12/1997
Granger,57612,57612,100.0,01/13/1997
Granger,57612,57612,100.0,01/14/1997
Granger,57612,57612,100.0,01/15/1997
Granger,57612,57612,100.0,01/16/1997
Granger,57612,57612,100.0,01/17/1997
Granger,57612,57612,100.0,01/18/1997
Granger,57612,57612,100.0,01/19/1997
Granger,57612,57612,100.0,01/20/1997
Granger,57612,57612,100.0,01/21/1997
Granger,57612,57612,100.0,01/22/1997
Granger,57612,57612,100.0,01/23/1997
Granger,57612,57612,100.0,01/24/1997
Granger,57612,57612,100.0,01/25/1997
Granger,57612,57612,100.0,01/26/1997
Granger,57612,57612,100.0,01/27/1997
Granger,57612,57612,100.0,01/28/1997
Granger,57612,57612,100.0,01/29/1997
Granger,57612,57612,100.0,01/30/1997
Granger,57612,57612,100.0,01/31/1997
Granger,57612,57612,100.0,02/01/1997
Granger,57612,57612,100.0,02/02/1997
Granger,57612,57612,100.0,02/03/1997
Granger,57612,57612,100.0,02/04/1997
Granger,57612,57612,100.0,02/05/1997
Granger,57612,57612,100.0,02/06/1997
Granger,57612,57612,100.0,02/07/1997
Granger,57612,57612,100.0,02/08/1997
Granger,57612,57612,100.0,02/09/1997
Granger,57612,57612,100.0,02/10/1997
Granger,57612,57612,100.0,02/11/1997
Granger,57612,57612,100.0,02/12/1997
Granger,57612,57612,100.0,02/13/1997
Granger,57612,57612,100.0,02/14/1997
Granger,57612,57612,100.0,02/15/1997
Granger,57612,57612,100.0,02/16/1997
Granger,57612,57612,100.0,02/17/1997
Granger,57612,57612,100.0,02/18/1997
Granger,57612,57612,100.0,02/19/1997
Granger,57612,57612,100.0,02/20/1997
Granger,57612,57612,100.0,02/21/1997
Granger,57612,57612,100.0,02/22/1997
Granger,57612,57612,100.0,02/23/1997
Granger,57612,57612,100.0,02/24/1997
Granger,57612,57612,100.0,02/25/1997
Granger,57612,57612,100.0,02/26/1997
Granger,57612,57612,100.0,02/27/1997
Granger,57612,57612,100.0,02/28/1997
Granger,57612,57612,100.0,03/01/1997
Granger,57612,57612,100.0,03/02/1997
Granger,57612,57612,100.0,03/03/1997
Granger,57612,57612,100.0,03/04/1997
Granger,57612,57612,100.0,03/05/1997
Granger,57612,57612,100.0,03/06/1997
Granger,57612,57612,100.0,03/07/1997
Granger,57612,57612,100.0,03/08/1997
Granger,57612,57612,100.0,03/09/1997
Granger,57612,57612,100.0,03/10/1997
Granger,57612,57612,100.0,03/11/1997
Granger,57612,57612,100.0,03/12/1997
Granger,57612,57612,100.0,03/13/1997
Granger,57612,57612,100.0,03/14/1997
Granger,57612,57612,100.0,03/15/1997
Granger,57612,57612,100.0,03/16/1997
Granger,57612,57612,100.0,03/17/1997
Granger,57612,57612,100.0,03/18/1997
Granger,57612,57612,100.0,03/19/1997
Granger,57612,57612,100.0,03/20/1997
Granger,57612,57612,100.0,03/21/1997
Granger,57612,57612,100.0,03/22/1997
Granger,57612,57612,100.0,03/23/1997
Granger,57612,57612,100.0,03/24/1997
Granger,57612,57612,100.0,03/25/1997
Granger,57612,57612,100.0,03/26/1997
Granger,57612,57612,100.0,03/27/1997
Granger,57612,57612,100.0,03/28/1997
Granger,57612,57612,100.0,03/29/1997
Granger,57612,57612,100.0,03/30/1997
Granger,57612,57612,100.0,03/31/1997
Granger,57612,57612,100.0,04/01/1997
Granger,57612,57612,100.0,04/02/1997
Granger,57612,57612,100.0,04/03/1997
Granger,57612,57612,100.0,04/04/1997
Granger,57612,57612,100.0,04/05/1997
Granger,57612,57612,100.0,04/06/1997
Granger,57612,57612,100.0,04/07/1997
Granger,57612,57612,100.0,04/08/1997
Granger,57612,57612,100.0,04/09/1997
Granger,57612,57612,100.0,04/10/1997
Granger,57612,57612,100.0,04/11/1997
Granger,57612,57612,100.0,04/12/1997
Granger,57612,57612,100.0,04/13/1997
Granger,57612,57612,100.0,04/14/1997
Granger,57612,57612,100.0,04/15/1997
Granger,57612,57612,100.0,04/16/1997
Granger,57612,57612,100.0,04/17/1997
Granger,57612,57612,100.0,04/18/1997
Granger,57612,57612,100.0,04/19/1997
Granger,57612,57612,100.0,04/20/1997
Granger,57612,57612,100.0,04/21/1997
Granger,57612,57612,100.0,04/22/1997
Granger,57612,57612,100.0,04/23/1997
Granger,57612,57612,100.0,04/24/1997
Granger,57612,57612,100.0,04/25/1997
Granger,57612,57612,100.0,04/26/1997
Granger,57612,57612,100.0,04/27/1997
Granger,57612,57612,100.0,04/28/1997
Granger,57612,57612,100.0,04/29/1997
Granger,57612,57612,100.0,04/30/1997
Granger,57612,57612,100.0,05/01/1997
Granger,57612,57612,100.0,05/02/1997
Granger,57612,57612,100.0,05/03/1997
Granger,57612,57612,100.0,05/04/1997
Granger,57612,57612,100.0,05/05/1997
Granger,57612,57612,100.0,05/06/1997
Granger,57612,57612,100.0,05/07/1997
Granger,57612,57612,100.0,05/08/1997
Granger,57612,57612,100.0,05/09/1997
Granger,57612,57612,100.0,05/10/1997
Granger,57612,57612,100.0,05/11/1997
Granger,57612,57612,100.0,05/12/1997
Granger,57612,57612,100.0,05/13/1997
Granger,57612,57612,100.0,05/14/1997
Granger,57612,57612,100.0,05/15/1997
Granger,57612,57612,100.0,05/16/1997
Granger,57612,57612,100.0,05/17/1997
Granger,57612,57612,100.0,05/18/1997
Granger,57612,57612,100.0,05/19/1997
Granger,57612,57612,100.0,05/20/1997
Granger,57612,57612,100.0,05/21/1997
Granger,57612,57612,100.0,05/22/1997
Granger,57612,57612,100.0,05/23/1997
Granger,57612,57612,100.0,05/24/1997
Granger,57612,57612,100.0,05/25/1997
Granger,57612,57612,100.0,05/26/1997
Granger,57612,57612,100.0,05/27/1997
Granger,57612,57612,100.0,05/28/1997
Granger,57612,57612,100.0,05/29/1997
Granger,57612,57612,100.0,05/30/1997
Granger,57612,57612,100.0,05/31/1997
Granger,57612,57612,100.0,06/01/1997
Granger,57612,57612,100.0,06/02/1997
Granger,57612,57612,100.0,06/03/1997
Granger,57612,57612,100.0,06/04/1997
Granger,57612,57612,100.0,06/05/1997
Granger,57612,57612,100.0,06/06/1997
Granger,57612,57612,100.0,06/07/1997
Granger,57612,57612,100.0,06/08/1997
Granger,57612,57612,100.0,06/09/1997
Granger,57612,57612,100.0,06/10/1997
Granger,57612,57612,100.0,06/11/1997
Granger,57612,57612,100.0,06/12/1997
Granger,57612,57612,100.0,06/13/1997
Granger,57612,57612,100.0,06/14/1997
Granger,57612,57612,100.0,06/15/1997
Granger,57612,57612,100.0,06/16/1997
Granger,57612,57612,100.0,06/17/1997
Granger,57612,57612,100.0,06/18/1997
Granger,57612,57612,100.0,06/19/1997
Granger,57612,57612,100.0,06/20/1997
Granger,57612,57612,100.0,06/21/1997
Granger,57612,57612,100.0,06/22/1997
Granger,57612,57612,100.0,06/23/1997
Granger,57612,57612,100.0,06/24/1997
Granger,57612,57612,100.0,06/25/1997
Granger,57612,57612,100.0,06/26/1997
Granger,57612,57612,100.0,06/27/1997
Granger,57612,57612,100.0,06/28/1997
Granger,57612,57612,100.0,06/29/1997
Granger,57612,57612,100.0,06/30/1997
Granger,57612,57612,100.0,07/01/1997
Granger,57612,57612,100.0,07/02/1997
Granger,57612,57612,100.0,07/03/1997
Granger,57612,57612,100.0,07/04/1997
Granger,57612,57612,100.0,07/05/1997
Granger,57612,57612,100.0,07/06/1997
Granger,57612,57612,100.0,07/07/1997
Granger,57612,57612,100.0,07/08/1997
Granger,57612,57612,100.0,07/09/1997
Granger,57612,57612,100.0,07/10/1997
Granger,57612,57612,100.0,07/11/1997
Granger,57612,57612,100.0,07/12/1997
Granger,57612,57612,100.0,07/13/1997
Granger,57612,57612,100.0,07/14/1997
Granger,57612,57612,100.0,07/15/1997
Granger,57612,57612,100.0,07/16/1997
Granger,57612,57612,100.0,07/17/1997
Granger,57612,57612,100.0,07/18/1997
Granger,57612,57612,100.0,07/19/1997
Granger,57612,57612,100.0,07/20/1997
Granger,57612,57612,100.0,07/21/1997
Granger,57612,57612,100.0,07/22/1997
Granger,57612,57612,100.0,07/23/1997
Granger,57612,57612,100.0,07/24/1997
Granger,57612,57612,100.0,07/25/1997
Granger,57612,57612,100.0,07/26/1997
Granger,57612,57612,100.0,07/27/1997
Granger,57612,57612,100.0,07/28/1997
Granger,57612,57612,100.0,07/29/1997
Granger,57612,57612,100.0,07/30/1997
Granger,57612,57612,100.0,07/31/1997
Granger,57612,57612,100.0,08/01/1997
Granger,57612,57612,100.0,08/02/1997
Granger,57612,57612,100.0,08/03/1997
Granger,57612,57612,100.0,08/04/1997
Granger,57612,57612,100.0,08/05/1997
Granger,57612,57612,100.0,08/06/1997
Granger,57612,57612,100.0,08/07/1997
Granger,57612,57612,100.0,08/08/1997
Granger,57612,57612,100.0,08/09/1997
Granger,57612,57612,100.0,08/10/1997
Granger,57612,57612,100.0,08/11/1997
Granger,57612,57612,100.0,08/12/1997
Granger,57612,57612,100.0,08/13/1997
Granger,57612,57612,100.0,08/14/1997
Granger,56100,57612,97.4,08/15/1997
Granger,55980,57612,97.2,08/16/1997
Granger,57612,57612,100.0,08/17/1997
Granger,57612,57612,100.0,08/18/1997
Granger,57612,57612,100.0,08/19/1997
Granger,57612,57612,100.0,08/20/1997
Granger,57612,57612,100.0,08/21/1997
Granger,57612,57612,100.0,08/22/1997
Granger,57612,57612,100.0,08/23/1997
Granger,57612,57612,100.0,08/24/1997
Granger,57612,57612,100.0,08/25/1997
Granger,57612,57612,100.0,08/26/1997
Granger,57612,57612,100.0,08/27/1997
Granger,57612,57612,100.0,08/28/1997
Granger,57612,57612,100.0,08/29/1997
Granger,57612,57612,100.0,08/30/1997
Granger,57612,57612,100.0,08/31/1997
Granger,57612,57612,100.0,09/01/1997
Granger,57612,57612,100.0,09/02/1997
Granger,57612,57612,100.0,09/03/1997
Granger,57612,57612,100.0,09/04/1997
Granger,57612,57612,100.0,09/05/1997
Granger,57612,57612,100.0,09/06/1997
Granger,57612,57612,100.0,09/07/1997
Granger,57612,57612,100.0,09/08/1997
Granger,57612,57612,100.0,09/09/1997
Granger,57612,57612,100.0,09/10/1997
Granger,57612,57612,100.0,09/11/1997
Granger,57612,57612,100.0,09/12/1997
Granger,57612,57612,100.0,09/13/1997
Granger,57612,57612,100.0,09/14/1997
Granger,57612,57612,100.0,09/15/1997
Granger,57612,57612,100.0,09/16/1997
Granger,57612,57612,100.0,09/17/1997
Granger,57612,57612,100.0,09/18/1997
Granger,57612,57612,100.0,09/19/1997
Granger,57612,57612,100.0,09/20/1997
Granger,57612,57612,100.0,09/21/1997
Granger,57612,57612,100.0,09/22/1997
Granger,57612,57612,100.0,09/23/1997
Granger,57612,57612,100.0,09/24/1997
Granger,57612,57612,100.0,09/25/1997
Granger,57612,57612,100.0,09/26/1997
Granger,57612,57612,100.0,09/27/1997
Granger,57612,57612,100.0,09/28/1997
Granger,57612,57612,100.0,09/29/1997
Granger,57612,57612,100.0,09/30/1997
Granger,57612,57612,100.0,10/01/1997
Granger,54610,57612,94.8,10/02/1997
Granger,57612,57612,100.0,10/03/1997
Granger,57612,57612,100.0,10/04/1997
Granger,57612,57612,100.0,10/05/1997
Granger,57612,57612,100.0,10/06/1997
Granger,57612,57612,100.0,10/07/1997
Granger,57612,57612,100.0,10/08/1997
Granger,57612,57612,100.0,10/09/1997
Granger,57612,57612,100.0,10/10/1997
Granger,57612,57612,100.0,10/11/1997
Granger,57612,57612,100.0,10/12/1997
Granger,57612,57612,100.0,10/13/1997
Granger,57612,57612,100.0,10/14/1997
Granger,57612,57612,100.0,10/15/1997
Granger,57612,57612,100.0,10/16/1997
Granger,57612,57612,100.0,10/17/1997
Granger,57612,57612,100.0,10/18/1997
Granger,57612,57612,100.0,10/19/1997
Granger,57612,57612,100.0,10/20/1997
Granger,57612,57612,100.0,10/21/1997
Granger,57612,57612,100.0,10/22/1997
Granger,57612,57612,100.0,10/23/1997
Granger,57612,57612,100.0,10/24/1997
Granger,57612,57612,100.0,10/25/1997
Granger,57612,57612,100.0,10/26/1997
Granger,57612,57612,100.0,10/27/1997
Granger,57612,57612,100.0,10/28/1997
Granger,57612,57612,100.0,10/29/1997
Granger,57612,57612,100.0,10/30/1997
Granger,57612,57612,100.0,10/31/1997
Granger,57612,57612,100.0,11/01/1997
Granger,57612,57612,100.0,11/02/1997
Granger,57612,57612,100.0,11/03/1997
Granger,57612,57612,100.0,11/04/1997
Granger,57612,57612,100.0,11/05/1997
Granger,57612,57612,100.0,11/06/1997
Granger,57612,57612,100.0,11/07/1997
Granger,57612,57612,100.0,11/08/1997
Granger,57612,57612,100.0,11/09/1997
Granger,57612,57612,100.0,11/10/1997
Granger,57612,57612,100.0,11/11/1997
Granger,57612,57612,100.0,11/12/1997
Granger,57612,57612,100.0,11/13/1997
Granger,57612,57612,100.0,11/14/1997
Granger,57612,57612,100.0,11/15/1997
Granger,57612,57612,100.0,11/16/1997
Granger,57612,57612,100.0,11/17/1997
Granger,57612,57612,100.0,11/18/1997
Granger,57612,57612,100.0,11/19/1997
Granger,57612,57612,100.0,11/20/1997
Granger,57612,57612,100.0,11/21/1997
Granger,57612,57612,100.0,11/22/1997
Granger,57612,57612,100.0,11/23/1997
Granger,57612,57612,100.0,11/24/1997
Granger,57612,57612,100.0,11/25/1997
Granger,57612,57612,100.0,11/26/1997
Granger,57612,57612,100.0,11/27/1997
Granger,57612,57612,100.0,11/28/1997
Granger,57612,57612,100.0,11/29/1997
Granger,57612,57612,100.0,11/30/1997
Granger,57612,57612,100.0,12/01/1997
Granger,57612,57612,100.0,12/02/1997
Granger,57612,57612,100.0,12/03/1997
Granger,57612,57612,100.0,12/04/1997
Granger,57612,57612,100.0,12/05/1997
Granger,57612,57612,100.0,12/06/1997
Granger,57612,57612,100.0,12/07/1997
Granger,57612,57612,100.0,12/08/1997
Granger,57612,57612,100.0,12/09/1997
Granger,57612,57612,100.0,12/10/1997
Granger,57612,57612,100.0,12/11/1997
Granger,57612,57612,100.0,12/12/1997
Granger,57612,57612,100.0,12/13/1997
Granger,57612,57612,100.0,12/14/1997
Granger,57612,57612,100.0,12/15/1997
Granger,57612,57612,100.0,12/16/1997
Granger,57612,57612,100.0,12/17/1997
Granger,57612,57612,100.0,12/18/1997
Granger,57612,57612,100.0,12/19/1997
Granger,57612,57612,100.0,12/20/1997
Granger,57612,57612,100.0,12/21/1997
Granger,57612,57612,100.0,12/22/1997
Granger,57612,57612,100.0,12/23/1997
Granger,57612,57612,100.0,12/24/1997
Granger,57612,57612,100.0,12/25/1997
Granger,57612,57612,100.0,12/26/1997
Granger,57612,57612,100.0,12/27/1997
Granger,57612,57612,100.0,12/28/1997
Granger,57612,57612,100.0,12/29/1997
Granger,57612,57612,100.0,12/30/1997
Granger,57612,57612,100.0,12/31/1997
Granger,57612,57612,100.0,01/01/1998
Granger,57612,57612,100.0,01/02/1998
Granger,57612,57612,100.0,01/03/1998
Granger,57612,57612,100.0,01/04/1998
Granger,57612,57612,100.0,01/05/1998
Granger,57612,57612,100.0,01/06/1998
Granger,57612,57612,100.0,01/07/1998
Granger,57612,57612,100.0,01/08/1998
Granger,57612,57612,100.0,01/09/1998
Granger,57612,57612,100.0,01/10/1998
Granger,57612,57612,100.0,01/11/1998
Granger,57612,57612,100.0,01/12/1998
Granger,57612,57612,100.0,01/13/1998
Granger,57612,57612,100.0,01/14/1998
Granger,57612,57612,100.0,01/15/1998
Granger,57612,57612,100.0,01/16/1998
Granger,57612,57612,100.0,01/17/1998
Granger,57612,57612,100.0,01/18/1998
Granger,57612,57612,100.0,01/19/1998
Granger,57612,57612,100.0,01/20/1998
Granger,57612,57612,100.0,01/21/1998
Granger,57612,57612,100.0,01/22/1998
Granger,57612,57612,100.0,01/23/1998
Granger,57612,57612,100.0,01/24/1998
Granger,57612,57612,100.0,01/25/1998
Granger,57612,57612,100.0,01/26/1998
Granger,57612,57612,100.0,01/27/1998
Granger,57612,57612,100.0,01/28/1998
Granger,57612,57612,100.0,01/29/1998
Granger,57612,57612,100.0,01/30/1998
Granger,57612,57612,100.0,01/31/1998
Granger,57612,57612,100.0,02/01/1998
Granger,57612,57612,100.0,02/02/1998
Granger,57612,57612,100.0,02/03/1998
Granger,57612,57612,100.0,02/04/1998
Granger,57612,57612,100.0,02/05/1998
Granger,57612,57612,100.0,02/06/1998
Granger,57612,57612,100.0,02/07/1998
Granger,57612,57612,100.0,02/08/1998
Granger,57612,57612,100.0,02/09/1998
Granger,57612,57612,100.0,02/10/1998
Granger,57612,57612,100.0,02/11/1998
Granger,57612,57612,100.0,02/12/1998
Granger,57612,57612,100.0,02/13/1998
Granger,57612,57612,100.0,02/14/1998
Granger,57612,57612,100.0,02/15/1998
Granger,57612,57612,100.0,02/16/1998
Granger,57612,57612,100.0,02/17/1998
Granger,57612,57612,100.0,02/18/1998
Granger,57612,57612,100.0,02/19/1998
Granger,57612,57612,100.0,02/20/1998
Granger,57612,57612,100.0,02/21/1998
Granger,57612,57612,100.0,02/22/1998
Granger,57612,57612,100.0,02/23/1998
Granger,57612,57612,100.0,02/24/1998
Granger,57612,57612,100.0,02/25/1998
Granger,57612,57612,100.0,02/26/1998
Granger,57612,57612,100.0,02/27/1998
Granger,57612,57612,100.0,02/28/1998
Granger,57612,57612,100.0,03/01/1998
Granger,57612,57612,100.0,03/02/1998
Granger,56920,57612,98.8,03/03/1998
Granger,57612,57612,100.0,03/04/1998
Granger,57612,57612,100.0,03/05/1998
Granger,57612,57612,100.0,03/06/1998
Granger,57612,57612,100.0,03/07/1998
Granger,57612,57612,100.0,03/08/1998
Granger,57612,57612,100.0,03/09/1998
Granger,57612,57612,100.0,03/10/1998
Granger,57612,57612,100.0,03/11/1998
Granger,57612,57612,100.0,03/12/1998
Granger,57612,57612,100.0,03/13/1998
Granger,57612,57612,100.0,03/14/1998
Granger,57612,57612,100.0,03/15/1998
Granger,57612,57612,100.0,03/16/1998
Granger,57612,57612,100.0,03/17/1998
Granger,57612,57612,100.0,03/18/1998
Granger,57612,57612,100.0,03/19/1998
Granger,57612,57612,100.0,03/20/1998
Granger,57612,57612,100.0,03/21/1998
Granger,57612,57612,100.0,03/22/1998
Granger,57612,57612,100.0,03/23/1998
Granger,57612,57612,100.0,03/24/1998
Granger,57612,57612,100.0,03/25/1998
Granger,57612,57612,100.0,03/26/1998
Granger,57612,57612,100.0,03/27/1998
Granger,57612,57612,100.0,03/28/1998
Granger,57612,57612,100.0,03/29/1998
Granger,57612,57612,100.0,03/30/1998
Granger,57612,57612,100.0,03/31/1998
Granger,57612,57612,100.0,04/01/1998
Granger,57612,57612,100.0,04/02/1998
Granger,57612,57612,100.0,04/03/1998
Granger,57612,57612,100.0,04/04/1998
Granger,57612,57612,100.0,04/05/1998
Granger,57612,57612,100.0,04/06/1998
Granger,57612,57612,100.0,04/07/1998
Granger,57612,57612,100.0,04/08/1998
Granger,57612,57612,100.0,04/09/1998
Granger,57612,57612,100.0,04/10/1998
Granger,57612,57612,100.0,04/11/1998
Granger,57612,57612,100.0,04/12/1998
Granger,57612,57612,100.0,04/13/1998
Granger,57612,57612,100.0,04/14/1998
Granger,57612,57612,100.0,04/15/1998
Granger,57612,57612,100.0,04/16/1998
Granger,57612,57612,100.0,04/17/1998
Granger,57612,57612,100.0,04/18/1998
Granger,57612,57612,100.0,04/19/1998
Granger,57612,57612,100.0,04/20/1998
Granger,57612,57612,100.0,04/21/1998
Granger,57612,57612,100.0,04/22/1998
Granger,57612,57612,100.0,04/23/1998
Granger,57612,57612,100.0,04/24/1998
Granger,57612,57612,100.0,04/25/1998
Granger,57612,57612,100.0,04/26/1998
Granger,57612,57612,100.0,04/27/1998
Granger,57612,57612,100.0,04/28/1998
Granger,57612,57612,100.0,04/29/1998
Granger,57612,57612,100.0,04/30/1998
Granger,57612,57612,100.0,05/01/1998
Granger,57612,57612,100.0,05/02/1998
Granger,57612,57612,100.0,05/03/1998
Granger,57612,57612,100.0,05/04/1998
Granger,57612,57612,100.0,05/05/1998
Granger,57612,57612,100.0,05/06/1998
Granger,57612,57612,100.0,05/07/1998
Granger,57612,57612,100.0,05/08/1998
Granger,57612,57612,100.0,05/09/1998
Granger,57612,57612,100.0,05/10/1998
Granger,57612,57612,100.0,05/11/1998
Granger,57612,57612,100.0,05/12/1998
Granger,57612,57612,100.0,05/13/1998
Granger,57612,57612,100.0,05/14/1998
Granger,57612,57612,100.0,05/15/1998
Granger,57612,57612,100.0,05/16/1998
Granger,57612,57612,100.0,05/17/1998
Granger,57612,57612,100.0,05/18/1998
Granger,57612,57612,100.0,05/19/1998
Granger,57612,57612,100.0,05/20/1998
Granger,57612,57612,100.0,05/21/1998
Granger,57612,57612,100.0,05/22/1998
Granger,57612,57612,100.0,05/23/1998
Granger,57612,57612,100.0,05/24/1998
Granger,57612,57612,100.0,05/25/1998
Granger,57612,57612,100.0,05/26/1998
Granger,57612,57612,100.0,05/27/1998
Granger,57612,57612,100.0,05/28/1998
Granger,57612,57612,100.0,05/29/1998
Granger,57612,57612,100.0,05/30/1998
Granger,57612,57612,100.0,05/31/1998
Granger,57612,57612,100.0,06/01/1998
Granger,57612,57612,100.0,06/02/1998
Granger,57612,57612,100.0,06/03/1998
Granger,57612,57612,100.0,06/04/1998
Granger,57612,57612,100.0,06/05/1998
Granger,57612,57612,100.0,06/06/1998
Granger,57612,57612,100.0,06/07/1998
Granger,57612,57612,100.0,06/08/1998
Granger,57612,57612,100.0,06/09/1998
Granger,57612,57612,100.0,06/10/1998
Granger,57612,57612,100.0,06/11/1998
Granger,57612,57612,100.0,06/12/1998
Granger,57612,57612,100.0,06/13/1998
Granger,57612,57612,100.0,06/14/1998
Granger,57612,57612,100.0,06/15/1998
Granger,57612,57612,100.0,06/16/1998
Granger,57612,57612,100.0,06/17/1998
Granger,57612,57612,100.0,06/18/1998
Granger,57612,57612,100.0,06/19/1998
Granger,57612,57612,100.0,06/20/1998
Granger,57612,57612,100.0,06/21/1998
Granger,57612,57612,100.0,06/22/1998
Granger,57612,57612,100.0,06/23/1998
Granger,57612,57612,100.0,06/24/1998
Granger,57612,57612,100.0,06/25/1998
Granger,57612,57612,100.0,06/26/1998
Granger,57612,57612,100.0,06/27/1998
Granger,57612,57612,100.0,06/28/1998
Granger,57523,57612,99.8,06/29/1998
Granger,57612,57612,100.0,06/30/1998
Granger,57612,57612,100.0,07/01/1998
Granger,57612,57612,100.0,07/02/1998
Granger,57612,57612,100.0,07/03/1998
Granger,57612,57612,100.0,07/04/1998
Granger,57612,57612,100.0,07/05/1998
Granger,57612,57612,100.0,07/06/1998
Granger,57612,57612,100.0,07/07/1998
Granger,57612,57612,100.0,07/08/1998
Granger,57612,57612,100.0,07/09/1998
Granger,57612,57612,100.0,07/10/1998
Granger,57612,57612,100.0,07/11/1998
Granger,57612,57612,100.0,07/12/1998
Granger,57612,57612,100.0,07/13/1998
Granger,57612,57612,100.0,07/14/1998
Granger,57612,57612,100.0,07/15/1998
Granger,57568,57612,99.9,07/16/1998
Granger,57479,57612,99.8,07/17/1998
Granger,57345,57612,99.5,07/18/1998
Granger,57345,57612,99.5,07/19/1998
Granger,57256,57612,99.4,07/20/1998
Granger,57167,57612,99.2,07/21/1998
Granger,57078,57612,99.1,07/22/1998
Granger,56989,57612,98.9,07/23/1998
Granger,56900,57612,98.8,07/24/1998
Granger,56767,57612,98.5,07/25/1998
Granger,56633,57612,98.3,07/26/1998
Granger,56544,57612,98.1,07/27/1998
Granger,56411,57612,97.9,07/28/1998
Granger,56278,57612,97.7,07/29/1998
Granger,56189,57612,97.5,07/30/1998
Granger,55966,57612,97.1,07/31/1998
Granger,55833,57612,96.9,08/01/1998
Granger,55655,57612,96.6,08/02/1998
Granger,55477,57612,96.3,08/03/1998
Granger,55299,57612,96.0,08/04/1998
Granger,55121,57612,95.7,08/05/1998
Granger,55032,57612,95.5,08/06/1998
Granger,54943,57612,95.4,08/07/1998
Granger,54943,57612,95.4,08/08/1998
Granger,54854,57612,95.2,08/09/1998
Granger,54765,57612,95.1,08/10/1998
Granger,54587,57612,94.7,08/11/1998
Granger,54454,57612,94.5,08/12/1998
Granger,54232,57612,94.1,08/13/1998
Granger,54143,57612,94.0,08/14/1998
Granger,54320,57612,94.3,08/15/1998
Granger,54232,57612,94.1,08/16/1998
Granger,54143,57612,94.0,08/17/1998
Granger,54320,57612,94.3,08/18/1998
Granger,54365,57612,94.4,08/19/1998
Granger,54320,57612,94.3,08/20/1998
Granger,54187,57612,94.1,08/21/1998
Granger,54054,57612,93.8,08/22/1998
Granger,53965,57612,93.7,08/23/1998
Granger,53965,57612,93.7,08/24/1998
Granger,53876,57612,93.5,08/25/1998
Granger,53787,57612,93.4,08/26/1998
Granger,53698,57612,93.2,08/27/1998
Granger,53653,57612,93.1,08/28/1998
Granger,53520,57612,92.9,08/29/1998
Granger,53609,57612,93.1,08/30/1998
Granger,53520,57612,92.9,08/31/1998
Granger,53520,57612,92.9,09/01/1998
Granger,53475,57612,92.8,09/02/1998
Granger,53431,57612,92.7,09/03/1998
Granger,53386,57612,92.7,09/04/1998
Granger,53342,57612,92.6,09/05/1998
Granger,53164,57612,92.3,09/06/1998
Granger,53075,57612,92.1,09/07/1998
Granger,52986,57612,92.0,09/08/1998
Granger,52897,57612,91.8,09/09/1998
Granger,52764,57612,91.6,09/10/1998
Granger,52497,57612,91.1,09/11/1998
Granger,53431,57612,92.7,09/12/1998
Granger,53876,57612,93.5,09/13/1998
Granger,53876,57612,93.5,09/14/1998
Granger,54854,57612,95.2,09/15/1998
Granger,56678,57612,98.4,09/16/1998
Granger,57612,57612,100.0,09/17/1998
Granger,57612,57612,100.0,09/18/1998
Granger,57612,57612,100.0,09/19/1998
Granger,57612,57612,100.0,09/20/1998
Granger,57612,57612,100.0,09/21/1998
Granger,57612,57612,100.0,09/22/1998
Granger,57612,57612,100.0,09/23/1998
Granger,57612,57612,100.0,09/24/1998
Granger,57612,57612,100.0,09/25/1998
Granger,57612,57612,100.0,09/26/1998
Granger,57612,57612,100.0,09/27/1998
Granger,57612,57612,100.0,09/28/1998
Granger,57612,57612,100.0,09/29/1998
Granger,57612,57612,100.0,09/30/1998
Granger,57612,57612,100.0,10/01/1998
Granger,57568,57612,99.9,10/02/1998
Granger,57523,57612,99.8,10/03/1998
Granger,57434,57612,99.7,10/04/1998
Granger,57434,57612,99.7,10/05/1998
Granger,57523,57612,99.8,10/06/1998
Granger,57612,57612,100.0,10/07/1998
Granger,57612,57612,100.0,10/08/1998
Granger,57612,57612,100.0,10/09/1998
Granger,57612,57612,100.0,10/10/1998
Granger,57612,57612,100.0,10/11/1998
Granger,57612,57612,100.0,10/12/1998
Granger,57612,57612,100.0,10/13/1998
Granger,57612,57612,100.0,10/14/1998
Granger,57612,57612,100.0,10/15/1998
Granger,57612,57612,100.0,10/16/1998
Granger,57612,57612,100.0,10/17/1998
Granger,57612,57612,100.0,10/18/1998
Granger,57612,57612,100.0,10/19/1998
Granger,57612,57612,100.0,10/20/1998
Granger,57612,57612,100.0,10/21/1998
Granger,57612,57612,100.0,10/22/1998
Granger,57612,57612,100.0,10/23/1998
Granger,57612,57612,100.0,10/24/1998
Granger,57612,57612,100.0,10/25/1998
Granger,57612,57612,100.0,10/26/1998
Granger,57612,57612,100.0,10/27/1998
Granger,57612,57612,100.0,10/28/1998
Granger,57612,57612,100.0,10/29/1998
Granger,57612,57612,100.0,10/30/1998
Granger,57612,57612,100.0,10/31/1998
Granger,57612,57612,100.0,11/01/1998
Granger,57612,57612,100.0,11/02/1998
Granger,57612,57612,100.0,11/03/1998
Granger,57612,57612,100.0,11/04/1998
Granger,57612,57612,100.0,11/05/1998
Granger,57612,57612,100.0,11/06/1998
Granger,57612,57612,100.0,11/07/1998
Granger,57612,57612,100.0,11/08/1998
Granger,57612,57612,100.0,11/09/1998
Granger,57612,57612,100.0,11/10/1998
Granger,57612,57612,100.0,11/11/1998
Granger,57612,57612,100.0,11/12/1998
Granger,57612,57612,100.0,11/13/1998
Granger,57612,57612,100.0,11/14/1998
Granger,57612,57612,100.0,11/15/1998
Granger,57612,57612,100.0,11/16/1998
Granger,57612,57612,100.0,11/17/1998
Granger,57612,57612,100.0,11/18/1998
Granger,57612,57612,100.0,11/19/1998
Granger,57612,57612,100.0,11/20/1998
Granger,57612,57612,100.0,11/21/1998
Granger,57612,57612,100.0,11/22/1998
Granger,57612,57612,100.0,11/23/1998
Granger,57612,57612,100.0,11/24/1998
Granger,57612,57612,100.0,11/25/1998
Granger,57612,57612,100.0,11/26/1998
Granger,57612,57612,100.0,11/27/1998
Granger,57612,57612,100.0,11/28/1998
Granger,57612,57612,100.0,11/29/1998
Granger,57612,57612,100.0,11/30/1998
Granger,57612,57612,100.0,12/01/1998
Granger,57612,57612,100.0,12/02/1998
Granger,57612,57612,100.0,12/03/1998
Granger,57612,57612,100.0,12/04/1998
Granger,57612,57612,100.0,12/05/1998
Granger,57612,57612,100.0,12/06/1998
Granger,57612,57612,100.0,12/07/1998
Granger,57612,57612,100.0,12/08/1998
Granger,55060,57612,95.6,12/09/1998
Granger,57612,57612,100.0,12/10/1998
Granger,57612,57612,100.0,12/11/1998
Granger,57612,57612,100.0,12/12/1998
Granger,57612,57612,100.0,12/13/1998
Granger,57612,57612,100.0,12/14/1998
Granger,57612,57612,100.0,12/15/1998
Granger,57612,57612,100.0,12/16/1998
Granger,57612,57612,100.0,12/17/1998
Granger,57612,57612,100.0,12/18/1998
Granger,57612,57612,100.0,12/19/1998
Granger,57612,57612,100.0,12/20/1998
Granger,57612,57612,100.0,12/21/1998
Granger,57612,57612,100.0,12/22/1998
Granger,57612,57612,100.0,12/23/1998
Granger,57612,57612,100.0,12/24/1998
Granger,57612,57612,100.0,12/25/1998
Granger,57612,57612,100.0,12/26/1998
Granger,57612,57612,100.0,12/27/1998
Granger,57612,57612,100.0,12/28/1998
Granger,57612,57612,100.0,12/29/1998
Granger,57612,57612,100.0,12/30/1998
Granger,57612,57612,100.0,12/31/1998
Granger,57612,57612,100.0,01/01/1999
Granger,57612,57612,100.0,01/02/1999
Granger,57612,57612,100.0,01/03/1999
Granger,57612,57612,100.0,01/04/1999
Granger,57612,57612,100.0,01/05/1999
Granger,57612,57612,100.0,01/06/1999
Granger,57612,57612,100.0,01/07/1999
Granger,57612,57612,100.0,01/08/1999
Granger,57612,57612,100.0,01/09/1999
Granger,57612,57612,100.0,01/10/1999
Granger,57612,57612,100.0,01/11/1999
Granger,57612,57612,100.0,01/12/1999
Granger,57612,57612,100.0,01/13/1999
Granger,57612,57612,100.0,01/14/1999
Granger,57612,57612,100.0,01/15/1999
Granger,57612,57612,100.0,01/16/1999
Granger,57612,57612,100.0,01/17/1999
Granger,57612,57612,100.0,01/18/1999
Granger,57612,57612,100.0,01/19/1999
Granger,57612,57612,100.0,01/20/1999
Granger,57612,57612,100.0,01/21/1999
Granger,57612,57612,100.0,01/22/1999
Granger,57612,57612,100.0,01/23/1999
Granger,57612,57612,100.0,01/24/1999
Granger,57612,57612,100.0,01/25/1999
Granger,57612,57612,100.0,01/26/1999
Granger,57612,57612,100.0,01/27/1999
Granger,57612,57612,100.0,01/28/1999
Granger,57612,57612,100.0,01/29/1999
Granger,57612,57612,100.0,01/30/1999
Granger,57612,57612,100.0,01/31/1999
Granger,57612,57612,100.0,02/01/1999
Granger,57612,57612,100.0,02/02/1999
Granger,57612,57612,100.0,02/03/1999
Granger,57612,57612,100.0,02/04/1999
Granger,57612,57612,100.0,02/05/1999
Granger,57612,57612,100.0,02/06/1999
Granger,57612,57612,100.0,02/07/1999
Granger,57612,57612,100.0,02/08/1999
Granger,57612,57612,100.0,02/09/1999
Granger,57612,57612,100.0,02/10/1999
Granger,57612,57612,100.0,02/11/1999
Granger,57612,57612,100.0,02/12/1999
Granger,57612,57612,100.0,02/13/1999
Granger,57612,57612,100.0,02/14/1999
Granger,57612,57612,100.0,02/15/1999
Granger,57612,57612,100.0,02/16/1999
Granger,57612,57612,100.0,02/17/1999
Granger,57612,57612,100.0,02/18/1999
Granger,57612,57612,100.0,02/19/1999
Granger,57612,57612,100.0,02/20/1999
Granger,57612,57612,100.0,02/21/1999
Granger,57612,57612,100.0,02/22/1999
Granger,57612,57612,100.0,02/23/1999
Granger,57612,57612,100.0,02/24/1999
Granger,57612,57612,100.0,02/25/1999
Granger,56270,57612,97.7,02/26/1999
Granger,57612,57612,100.0,02/27/1999
Granger,57612,57612,100.0,02/28/1999
Granger,57612,57612,100.0,03/01/1999
Granger,57612,57612,100.0,03/02/1999
Granger,57612,57612,100.0,03/03/1999
Granger,57612,57612,100.0,03/04/1999
Granger,55230,57612,95.9,03/05/1999
Granger,55140,57612,95.7,03/06/1999
Granger,55100,57612,95.6,03/07/1999
Granger,54780,57612,95.1,03/08/1999
Granger,55020,57612,95.5,03/09/1999
Granger,57612,57612,100.0,03/10/1999
Granger,57612,57612,100.0,03/11/1999
Granger,55640,57612,96.6,03/12/1999
Granger,57612,57612,100.0,03/13/1999
Granger,57612,57612,100.0,03/14/1999
Granger,57612,57612,100.0,03/15/1999
Granger,57612,57612,100.0,03/16/1999
Granger,57612,57612,100.0,03/17/1999
Granger,57612,57612,100.0,03/18/1999
Granger,57612,57612,100.0,03/19/1999
Granger,57612,57612,100.0,03/20/1999
Granger,57612,57612,100.0,03/21/1999
Granger,57612,57612,100.0,03/22/1999
Granger,57612,57612,100.0,03/23/1999
Granger,57612,57612,100.0,03/24/1999
Granger,57612,57612,100.0,03/25/1999
Granger,57612,57612,100.0,03/26/1999
Granger,57612,57612,100.0,03/27/1999
Granger,57612,57612,100.0,03/28/1999
Granger,57612,57612,100.0,03/29/1999
Granger,57612,57612,100.0,03/30/1999
Granger,57612,57612,100.0,03/31/1999
Granger,57612,57612,100.0,04/01/1999
Granger,57612,57612,100.0,04/02/1999
Granger,57612,57612,100.0,04/03/1999
Granger,57612,57612,100.0,04/04/1999
Granger,57612,57612,100.0,04/05/1999
Granger,57612,57612,100.0,04/06/1999
Granger,57612,57612,100.0,04/07/1999
Granger,57612,57612,100.0,04/08/1999
Granger,57612,57612,100.0,04/09/1999
Granger,57612,57612,100.0,04/10/1999
Granger,57612,57612,100.0,04/11/1999
Granger,57612,57612,100.0,04/12/1999
Granger,57612,57612,100.0,04/13/1999
Granger,57612,57612,100.0,04/14/1999
Granger,57612,57612,100.0,04/15/1999
Granger,57612,57612,100.0,04/16/1999
Granger,57612,57612,100.0,04/17/1999
Granger,57612,57612,100.0,04/18/1999
Granger,57612,57612,100.0,04/19/1999
Granger,57612,57612,100.0,04/20/1999
Granger,57612,57612,100.0,04/21/1999
Granger,57612,57612,100.0,04/22/1999
Granger,57612,57612,100.0,04/23/1999
Granger,57612,57612,100.0,04/24/1999
Granger,57612,57612,100.0,04/25/1999
Granger,57612,57612,100.0,04/26/1999
Granger,57612,57612,100.0,04/27/1999
Granger,57612,57612,100.0,04/28/1999
Granger,57612,57612,100.0,04/29/1999
Granger,57612,57612,100.0,04/30/1999
Granger,57612,57612,100.0,05/01/1999
Granger,57612,57612,100.0,05/02/1999
Granger,57612,57612,100.0,05/03/1999
Granger,57612,57612,100.0,05/04/1999
Granger,57612,57612,100.0,05/05/1999
Granger,57612,57612,100.0,05/06/1999
Granger,57612,57612,100.0,05/07/1999
Granger,57612,57612,100.0,05/08/1999
Granger,57612,57612,100.0,05/09/1999
Granger,57612,57612,100.0,05/10/1999
Granger,57612,57612,100.0,05/11/1999
Granger,57612,57612,100.0,05/12/1999
Granger,57612,57612,100.0,05/13/1999
Granger,57612,57612,100.0,05/14/1999
Granger,57612,57612,100.0,05/15/1999
Granger,57612,57612,100.0,05/16/1999
Granger,57612,57612,100.0,05/17/1999
Granger,57612,57612,100.0,05/18/1999
Granger,57612,57612,100.0,05/19/1999
Granger,57612,57612,100.0,05/20/1999
Granger,57612,57612,100.0,05/21/1999
Granger,57612,57612,100.0,05/22/1999
Granger,57612,57612,100.0,05/23/1999
Granger,57612,57612,100.0,05/24/1999
Granger,57612,57612,100.0,05/25/1999
Granger,57612,57612,100.0,05/26/1999
Granger,57612,57612,100.0,05/27/1999
Granger,57612,57612,100.0,05/28/1999
Granger,57612,57612,100.0,05/29/1999
Granger,57612,57612,100.0,05/30/1999
Granger,57612,57612,100.0,05/31/1999
Granger,57612,57612,100.0,06/01/1999
Granger,57612,57612,100.0,06/02/1999
Granger,57612,57612,100.0,06/03/1999
Granger,57612,57612,100.0,06/04/1999
Granger,57612,57612,100.0,06/05/1999
Granger,57612,57612,100.0,06/06/1999
Granger,57612,57612,100.0,06/07/1999
Granger,57612,57612,100.0,06/08/1999
Granger,57612,57612,100.0,06/09/1999
Granger,57612,57612,100.0,06/10/1999
Granger,57612,57612,100.0,06/11/1999
Granger,57612,57612,100.0,06/12/1999
Granger,57612,57612,100.0,06/13/1999
Granger,57612,57612,100.0,06/14/1999
Granger,57612,57612,100.0,06/15/1999
Granger,57612,57612,100.0,06/16/1999
Granger,57612,57612,100.0,06/17/1999
Granger,57612,57612,100.0,06/18/1999
Granger,57612,57612,100.0,06/19/1999
Granger,57612,57612,100.0,06/20/1999
Granger,57612,57612,100.0,06/21/1999
Granger,57612,57612,100.0,06/22/1999
Granger,57612,57612,100.0,06/23/1999
Granger,57612,57612,100.0,06/24/1999
Granger,57612,57612,100.0,06/25/1999
Granger,57612,57612,100.0,06/26/1999
Granger,57612,57612,100.0,06/27/1999
Granger,57612,57612,100.0,06/28/1999
Granger,57612,57612,100.0,06/29/1999
Granger,57612,57612,100.0,06/30/1999
Granger,57612,57612,100.0,07/01/1999
Granger,57612,57612,100.0,07/02/1999
Granger,57612,57612,100.0,07/03/1999
Granger,57612,57612,100.0,07/04/1999
Granger,57612,57612,100.0,07/05/1999
Granger,57612,57612,100.0,07/06/1999
Granger,57612,57612,100.0,07/07/1999
Granger,57612,57612,100.0,07/08/1999
Granger,57612,57612,100.0,07/09/1999
Granger,57612,57612,100.0,07/10/1999
Granger,57612,57612,100.0,07/11/1999
Granger,57612,57612,100.0,07/12/1999
Granger,57612,57612,100.0,07/13/1999
Granger,57612,57612,100.0,07/14/1999
Granger,57612,57612,100.0,07/15/1999
Granger,57612,57612,100.0,07/16/1999
Granger,57612,57612,100.0,07/17/1999
Granger,57612,57612,100.0,07/18/1999
Granger,57612,57612,100.0,07/19/1999
Granger,57612,57612,100.0,07/20/1999
Granger,57612,57612,100.0,07/21/1999
Granger,57612,57612,100.0,07/22/1999
Granger,57612,57612,100.0,07/23/1999
Granger,57612,57612,100.0,07/24/1999
Granger,57612,57612,100.0,07/25/1999
Granger,57612,57612,100.0,07/26/1999
Granger,57612,57612,100.0,07/27/1999
Granger,57612,57612,100.0,07/28/1999
Granger,57612,57612,100.0,07/29/1999
Granger,57612,57612,100.0,07/30/1999
Granger,57612,57612,100.0,07/31/1999
Granger,57612,57612,100.0,08/01/1999
Granger,57612,57612,100.0,08/02/1999
Granger,57612,57612,100.0,08/03/1999
Granger,57612,57612,100.0,08/04/1999
Granger,57612,57612,100.0,08/05/1999
Granger,57612,57612,100.0,08/06/1999
Granger,57612,57612,100.0,08/07/1999
Granger,57612,57612,100.0,08/08/1999
Granger,57612,57612,100.0,08/09/1999
Granger,57612,57612,100.0,08/10/1999
Granger,57612,57612,100.0,08/11/1999
Granger,57612,57612,100.0,08/12/1999
Granger,57612,57612,100.0,08/13/1999
Granger,57612,57612,100.0,08/14/1999
Granger,57612,57612,100.0,08/15/1999
Granger,57612,57612,100.0,08/16/1999
Granger,57568,57612,99.9,08/17/1999
Granger,57434,57612,99.7,08/18/1999
Granger,57345,57612,99.5,08/19/1999
Granger,57256,57612,99.4,08/20/1999
Granger,57078,57612,99.1,08/21/1999
Granger,56945,57612,98.8,08/22/1999
Granger,56811,57612,98.6,08/23/1999
Granger,56722,57612,98.5,08/24/1999
Granger,56633,57612,98.3,08/25/1999
Granger,56633,57612,98.3,08/26/1999
Granger,53380,57612,92.7,08/27/1999
Granger,53220,57612,92.4,08/28/1999
Granger,53140,57612,92.2,08/29/1999
Granger,53020,57612,92.0,08/30/1999
Granger,52900,57612,91.8,08/31/1999
Granger,52780,57612,91.6,09/01/1999
Granger,52710,57612,91.5,09/02/1999
Granger,52590,57612,91.3,09/03/1999
Granger,55521,57612,96.4,09/04/1999
Granger,52240,57612,90.7,09/05/1999
Granger,55255,57612,95.9,09/06/1999
Granger,52160,57612,90.5,09/07/1999
Granger,52040,57612,90.3,09/08/1999
Granger,51890,57612,90.1,09/09/1999
Granger,51770,57612,89.9,09/10/1999
Granger,51660,57612,89.7,09/11/1999
Granger,51500,57612,89.4,09/12/1999
Granger,54276,57612,94.2,09/13/1999
Granger,51200,57612,88.9,09/14/1999
Granger,51120,57612,88.7,09/15/1999
Granger,51040,57612,88.6,09/16/1999
Granger,50970,57612,88.5,09/17/1999
Granger,50890,57612,88.3,09/18/1999
Granger,50850,57612,88.3,09/19/1999
Granger,50780,57612,88.1,09/20/1999
Granger,53475,57612,92.8,09/21/1999
Granger,53208,57612,92.4,09/22/1999
Granger,50430,57612,87.5,09/23/1999
Granger,50360,57612,87.4,09/24/1999
Granger,50360,57612,87.4,09/25/1999
Granger,50280,57612,87.3,09/26/1999
Granger,50280,57612,87.3,09/27/1999
Granger,52986,57612,92.0,09/28/1999
Granger,52986,57612,92.0,09/29/1999
Granger,50280,57612,87.3,09/30/1999
Granger,50280,57612,87.3,10/01/1999
Granger,50170,57612,87.1,10/02/1999
Granger,50130,57612,87.0,10/03/1999
Granger,52764,57612,91.6,10/04/1999
Granger,50020,57612,86.8,10/05/1999
Granger,49980,57612,86.8,10/06/1999
Granger,49940,57612,86.7,10/07/1999
Granger,49900,57612,86.6,10/08/1999
Granger,49830,57612,86.5,10/09/1999
Granger,49790,57612,86.4,10/10/1999
Granger,52363,57612,90.9,10/11/1999
Granger,49720,57612,86.3,10/12/1999
Granger,49680,57612,86.2,10/13/1999
Granger,49680,57612,86.2,10/14/1999
Granger,49640,57612,86.2,10/15/1999
Granger,49570,57612,86.0,10/16/1999
Granger,49530,57612,86.0,10/17/1999
Granger,51963,57612,90.2,10/18/1999
Granger,49460,57612,85.9,10/19/1999
Granger,49380,57612,85.7,10/20/1999
Granger,49380,57612,85.7,10/21/1999
Granger,49380,57612,85.7,10/22/1999
Granger,51874,57612,90.0,10/23/1999
Granger,51830,57612,90.0,10/24/1999
Granger,51785,57612,89.9,10/25/1999
Granger,51785,57612,89.9,10/26/1999
Granger,51741,57612,89.8,10/27/1999
Granger,51741,57612,89.8,10/28/1999
Granger,51741,57612,89.8,10/29/1999
Granger,51652,57612,89.7,10/30/1999
Granger,52008,57612,90.3,10/31/1999
Granger,52008,57612,90.3,11/01/1999
Granger,52008,57612,90.3,11/02/1999
Granger,51874,57612,90.0,11/03/1999
Granger,51830,57612,90.0,11/04/1999
Granger,51785,57612,89.9,11/05/1999
Granger,51785,57612,89.9,11/06/1999
Granger,51785,57612,89.9,11/07/1999
Granger,51830,57612,90.0,11/08/1999
Granger,51830,57612,90.0,11/09/1999
Granger,51830,57612,90.0,11/10/1999
Granger,51830,57612,90.0,11/11/1999
Granger,51830,57612,90.0,11/12/1999
Granger,51830,57612,90.0,11/13/1999
Granger,51785,57612,89.9,11/14/1999
Granger,51785,57612,89.9,11/15/1999
Granger,51785,57612,89.9,11/16/1999
Granger,51785,57612,89.9,11/17/1999
Granger,51785,57612,89.9,11/18/1999
Granger,51741,57612,89.8,11/19/1999
Granger,51741,57612,89.8,11/20/1999
Granger,51696,57612,89.7,11/21/1999
Granger,51696,57612,89.7,11/22/1999
Granger,51741,57612,89.8,11/23/1999
Granger,51652,57612,89.7,11/24/1999
Granger,51563,57612,89.5,11/25/1999
Granger,51563,57612,89.5,11/26/1999
Granger,51563,57612,89.5,11/27/1999
Granger,51518,57612,89.4,11/28/1999
Granger,51518,57612,89.4,11/29/1999
Granger,51474,57612,89.3,11/30/1999
Granger,51474,57612,89.3,12/01/1999
Granger,50451,57612,87.6,12/02/1999
Granger,50540,57612,87.7,12/03/1999
Granger,50540,57612,87.7,12/04/1999
Granger,50584,57612,87.8,12/05/1999
Granger,50451,57612,87.6,12/06/1999
Granger,50406,57612,87.5,12/07/1999
Granger,51340,57612,89.1,12/08/1999
Granger,51429,57612,89.3,12/09/1999
Granger,51429,57612,89.3,12/10/1999
Granger,51340,57612,89.1,12/11/1999
Granger,51563,57612,89.5,12/12/1999
Granger,51963,57612,90.2,12/13/1999
Granger,51963,57612,90.2,12/14/1999
Granger,51919,57612,90.1,12/15/1999
Granger,51874,57612,90.0,12/16/1999
Granger,51874,57612,90.0,12/17/1999
Granger,51874,57612,90.0,12/18/1999
Granger,51874,57612,90.0,12/19/1999
Granger,51919,57612,90.1,12/20/1999
Granger,52008,57612,90.3,12/21/1999
Granger,52008,57612,90.3,12/22/1999
Granger,52052,57612,90.3,12/23/1999
Granger,52052,57612,90.3,12/24/1999
Granger,52052,57612,90.3,12/25/1999
Granger,52052,57612,90.3,12/26/1999
Granger,52052,57612,90.3,12/27/1999
Granger,52096,57612,90.4,12/28/1999
Granger,52096,57612,90.4,12/29/1999
Granger,52096,57612,90.4,12/30/1999
Granger,52141,57612,90.5,12/31/1999
Granger,52096,57612,90.4,01/01/2000
Granger,52185,57612,90.6,01/02/2000
Granger,52230,57612,90.7,01/03/2000
Granger,52230,57612,90.7,01/04/2000
Granger,52096,57612,90.4,01/05/2000
Granger,52052,57612,90.3,01/06/2000
Granger,52052,57612,90.3,01/07/2000
Granger,53164,57612,92.3,01/08/2000
Granger,53564,57612,93.0,01/09/2000
Granger,53653,57612,93.1,01/10/2000
Granger,53653,57612,93.1,01/11/2000
Granger,53698,57612,93.2,01/12/2000
Granger,53742,57612,93.3,01/13/2000
Granger,53698,57612,93.2,01/14/2000
Granger,53698,57612,93.2,01/15/2000
Granger,53742,57612,93.3,01/16/2000
Granger,53742,57612,93.3,01/17/2000
Granger,53831,57612,93.4,01/18/2000
Granger,53831,57612,93.4,01/19/2000
Granger,50970,57612,88.5,01/20/2000
Granger,51000,57612,88.5,01/21/2000
Granger,50930,57612,88.4,01/22/2000
Granger,53742,57612,93.3,01/23/2000
Granger,53742,57612,93.3,01/24/2000
Granger,53742,57612,93.3,01/25/2000
Granger,53609,57612,93.1,01/26/2000
Granger,53609,57612,93.1,01/27/2000
Granger,53742,57612,93.3,01/28/2000
Granger,53742,57612,93.3,01/29/2000
Granger,53742,57612,93.3,01/30/2000
Granger,53742,57612,93.3,01/31/2000
Granger,53742,57612,93.3,02/01/2000
Granger,53876,57612,93.5,02/02/2000
Granger,53965,57612,93.7,02/03/2000
Granger,53965,57612,93.7,02/04/2000
Granger,53965,57612,93.7,02/05/2000
Granger,53965,57612,93.7,02/06/2000
Granger,53965,57612,93.7,02/07/2000
Granger,54009,57612,93.7,02/08/2000
Granger,54009,57612,93.7,02/09/2000
Granger,54009,57612,93.7,02/10/2000
Granger,54098,57612,93.9,02/11/2000
Granger,54098,57612,93.9,02/12/2000
Granger,54098,57612,93.9,02/13/2000
Granger,54098,57612,93.9,02/14/2000
Granger,54098,57612,93.9,02/15/2000
Granger,54143,57612,94.0,02/16/2000
Granger,54143,57612,94.0,02/17/2000
Granger,54276,57612,94.2,02/18/2000
Granger,54232,57612,94.1,02/19/2000
Granger,54143,57612,94.0,02/20/2000
Granger,54143,57612,94.0,02/21/2000
Granger,54143,57612,94.0,02/22/2000
Granger,54543,57612,94.7,02/23/2000
Granger,54498,57612,94.6,02/24/2000
Granger,54498,57612,94.6,02/25/2000
Granger,54543,57612,94.7,02/26/2000
Granger,54810,57612,95.1,02/27/2000
Granger,54810,57612,95.1,02/28/2000
Granger,54810,57612,95.1,02/29/2000
Granger,54810,57612,95.1,03/01/2000
Granger,54810,57612,95.1,03/02/2000
Granger,54943,57612,95.4,03/03/2000
Granger,54810,57612,95.1,03/04/2000
Granger,54765,57612,95.1,03/05/2000
Granger,54765,57612,95.1,03/06/2000
Granger,54765,57612,95.1,03/07/2000
Granger,54765,57612,95.1,03/08/2000
Granger,54765,57612,95.1,03/09/2000
Granger,54810,57612,95.1,03/10/2000
Granger,54765,57612,95.1,03/11/2000
Granger,54676,57612,94.9,03/12/2000
Granger,54632,57612,94.8,03/13/2000
Granger,54543,57612,94.7,03/14/2000
Granger,54632,57612,94.8,03/15/2000
Granger,54676,57612,94.9,03/16/2000
Granger,54943,57612,95.4,03/17/2000
Granger,55877,57612,97.0,03/18/2000
Granger,56011,57612,97.2,03/19/2000
Granger,55966,57612,97.1,03/20/2000
Granger,55966,57612,97.1,03/21/2000
Granger,55966,57612,97.1,03/22/2000
Granger,56011,57612,97.2,03/23/2000
Granger,56144,57612,97.5,03/24/2000
Granger,56233,57612,97.6,03/25/2000
Granger,56144,57612,97.5,03/26/2000
Granger,56278,57612,97.7,03/27/2000
Granger,56278,57612,97.7,03/28/2000
Granger,56278,57612,97.7,03/29/2000
Granger,56278,57612,97.7,03/30/2000
Granger,56278,57612,97.7,03/31/2000
Granger,56144,57612,97.5,04/01/2000
Granger,56367,57612,97.8,04/02/2000
Granger,56500,57612,98.1,04/03/2000
Granger,56678,57612,98.4,04/04/2000
Granger,56678,57612,98.4,04/05/2000
Granger,56678,57612,98.4,04/06/2000
Granger,56678,57612,98.4,04/07/2000
Granger,56544,57612,98.1,04/08/2000
Granger,56544,57612,98.1,04/09/2000
Granger,56500,57612,98.1,04/10/2000
Granger,56544,57612,98.1,04/11/2000
Granger,56411,57612,97.9,04/12/2000
Granger,57612,57612,100.0,04/13/2000
Granger,57612,57612,100.0,04/14/2000
Granger,57612,57612,100.0,04/15/2000
Granger,57612,57612,100.0,04/16/2000
Granger,57612,57612,100.0,04/17/2000
Granger,57612,57612,100.0,04/18/2000
Granger,57612,57612,100.0,04/19/2000
Granger,57612,57612,100.0,04/20/2000
Granger,57612,57612,100.0,04/21/2000
Granger,57612,57612,100.0,04/22/2000
Granger,57612,57612,100.0,04/23/2000
Granger,57612,57612,100.0,04/24/2000
Granger,57612,57612,100.0,04/25/2000
Granger,57612,57612,100.0,04/26/2000
Granger,57612,57612,100.0,04/27/2000
Granger,57612,57612,100.0,04/28/2000
Granger,57568,57612,99.9,04/29/2000
Granger,57479,57612,99.8,04/30/2000
Granger,57479,57612,99.8,05/01/2000
Granger,57612,57612,100.0,05/02/2000
Granger,57612,57612,100.0,05/03/2000
Granger,57612,57612,100.0,05/04/2000
Granger,57612,57612,100.0,05/05/2000
Granger,57612,57612,100.0,05/06/2000
Granger,57612,57612,100.0,05/07/2000
Granger,57612,57612,100.0,05/08/2000
Granger,57612,57612,100.0,05/09/2000
Granger,57612,57612,100.0,05/10/2000
Granger,57612,57612,100.0,05/11/2000
Granger,57612,57612,100.0,05/12/2000
Granger,57612,57612,100.0,05/13/2000
Granger,57612,57612,100.0,05/14/2000
Granger,57612,57612,100.0,05/15/2000
Granger,57612,57612,100.0,05/16/2000
Granger,57612,57612,100.0,05/17/2000
Granger,57612,57612,100.0,05/18/2000
Granger,57612,57612,100.0,05/19/2000
Granger,57612,57612,100.0,05/20/2000
Granger,57612,57612,100.0,05/21/2000
Granger,57612,57612,100.0,05/22/2000
Granger,57612,57612,100.0,05/23/2000
Granger,57612,57612,100.0,05/24/2000
Granger,57612,57612,100.0,05/25/2000
Granger,57612,57612,100.0,05/26/2000
Granger,57612,57612,100.0,05/27/2000
Granger,57612,57612,100.0,05/28/2000
Granger,57612,57612,100.0,05/29/2000
Granger,57612,57612,100.0,05/30/2000
Granger,57612,57612,100.0,05/31/2000
Granger,57612,57612,100.0,06/01/2000
Granger,57612,57612,100.0,06/02/2000
Granger,57612,57612,100.0,06/03/2000
Granger,57612,57612,100.0,06/04/2000
Granger,57612,57612,100.0,06/05/2000
Granger,57612,57612,100.0,06/06/2000
Granger,57612,57612,100.0,06/07/2000
Granger,57612,57612,100.0,06/08/2000
Granger,57612,57612,100.0,06/09/2000
Granger,57612,57612,100.0,06/10/2000
Granger,57612,57612,100.0,06/11/2000
Granger,57612,57612,100.0,06/12/2000
Granger,57612,57612,100.0,06/13/2000
Granger,57612,57612,100.0,06/14/2000
Granger,57612,57612,100.0,06/15/2000
Granger,57612,57612,100.0,06/16/2000
Granger,57612,57612,100.0,06/17/2000
Granger,57612,57612,100.0,06/18/2000
Granger,57612,57612,100.0,06/19/2000
Granger,57612,57612,100.0,06/20/2000
Granger,57612,57612,100.0,06/21/2000
Granger,57612,57612,100.0,06/22/2000
Granger,57612,57612,100.0,06/23/2000
Granger,57612,57612,100.0,06/24/2000
Granger,57612,57612,100.0,06/25/2000
Granger,57612,57612,100.0,06/26/2000
Granger,57612,57612,100.0,06/27/2000
Granger,57612,57612,100.0,06/28/2000
Granger,57612,57612,100.0,06/29/2000
Granger,57612,57612,100.0,06/30/2000
Granger,57612,57612,100.0,07/01/2000
Granger,57612,57612,100.0,07/02/2000
Granger,57612,57612,100.0,07/03/2000
Granger,57612,57612,100.0,07/04/2000
Granger,57612,57612,100.0,07/05/2000
Granger,57612,57612,100.0,07/06/2000
Granger,57612,57612,100.0,07/07/2000
Granger,57612,57612,100.0,07/08/2000
Granger,57479,57612,99.8,07/09/2000
Granger,57212,57612,99.3,07/10/2000
Granger,57078,57612,99.1,07/11/2000
Granger,56900,57612,98.8,07/12/2000
Granger,56678,57612,98.4,07/13/2000
Granger,56544,57612,98.1,07/14/2000
Granger,56367,57612,97.8,07/15/2000
Granger,56144,57612,97.5,07/16/2000
Granger,55877,57612,97.0,07/17/2000
Granger,55744,57612,96.8,07/18/2000
Granger,55610,57612,96.5,07/19/2000
Granger,55432,57612,96.2,07/20/2000
Granger,55210,57612,95.8,07/21/2000
Granger,55032,57612,95.5,07/22/2000
Granger,54810,57612,95.1,07/23/2000
Granger,54632,57612,94.8,07/24/2000
Granger,54409,57612,94.4,07/25/2000
Granger,54276,57612,94.2,07/26/2000
Granger,54009,57612,93.7,07/27/2000
Granger,53876,57612,93.5,07/28/2000
Granger,53698,57612,93.2,07/29/2000
Granger,53475,57612,92.8,07/30/2000
Granger,53475,57612,92.8,07/31/2000
Granger,53342,57612,92.6,08/01/2000
Granger,53164,57612,92.3,08/02/2000
Granger,52942,57612,91.9,08/03/2000
Granger,52808,57612,91.7,08/04/2000
Granger,52675,57612,91.4,08/05/2000
Granger,52541,57612,91.2,08/06/2000
Granger,52408,57612,91.0,08/07/2000
Granger,52230,57612,90.7,08/08/2000
Granger,52408,57612,91.0,08/09/2000
Granger,52363,57612,90.9,08/10/2000
Granger,52230,57612,90.7,08/11/2000
Granger,52096,57612,90.4,08/12/2000
Granger,51874,57612,90.0,08/13/2000
Granger,51741,57612,89.8,08/14/2000
Granger,51563,57612,89.5,08/15/2000
Granger,51340,57612,89.1,08/16/2000
Granger,51207,57612,88.9,08/17/2000
Granger,51029,57612,88.6,08/18/2000
Granger,50807,57612,88.2,08/19/2000
Granger,50540,57612,87.7,08/20/2000
Granger,50362,57612,87.4,08/21/2000
Granger,50139,57612,87.0,08/22/2000
Granger,50006,57612,86.8,08/23/2000
Granger,49961,57612,86.7,08/24/2000
Granger,49739,57612,86.3,08/25/2000
Granger,49561,57612,86.0,08/26/2000
Granger,49339,57612,85.6,08/27/2000
Granger,49072,57612,85.2,08/28/2000
Granger,48894,57612,84.9,08/29/2000
Granger,48672,57612,84.5,08/30/2000
Granger,48494,57612,84.2,08/31/2000
Granger,48405,57612,84.0,09/01/2000
Granger,48138,57612,83.6,09/02/2000
Granger,48138,57612,83.6,09/03/2000
Granger,48093,57612,83.5,09/04/2000
Granger,47871,57612,83.1,09/05/2000
Granger,47737,57612,82.9,09/06/2000
Granger,47604,57612,82.6,09/07/2000
Granger,47471,57612,82.4,09/08/2000
Granger,47337,57612,82.2,09/09/2000
Granger,47204,57612,81.9,09/10/2000
Granger,47159,57612,81.9,09/11/2000
Granger,47026,57612,81.6,09/12/2000
Granger,46937,57612,81.5,09/13/2000
Granger,47070,57612,81.7,09/14/2000
Granger,47337,57612,82.2,09/15/2000
Granger,47204,57612,81.9,09/16/2000
Granger,47070,57612,81.7,09/17/2000
Granger,46937,57612,81.5,09/18/2000
Granger,46803,57612,81.2,09/19/2000
Granger,46670,57612,81.0,09/20/2000
Granger,46536,57612,80.8,09/21/2000
Granger,46536,57612,80.8,09/22/2000
Granger,46536,57612,80.8,09/23/2000
Granger,46403,57612,80.5,09/24/2000
Granger,47070,57612,81.7,09/25/2000
Granger,46803,57612,81.2,09/26/2000
Granger,46803,57612,81.2,09/27/2000
Granger,46759,57612,81.2,09/28/2000
Granger,46625,57612,80.9,09/29/2000
Granger,46536,57612,80.8,09/30/2000
Granger,46492,57612,80.7,10/01/2000
Granger,46403,57612,80.5,10/02/2000
Granger,46359,57612,80.5,10/03/2000
Granger,46270,57612,80.3,10/04/2000
Granger,46270,57612,80.3,10/05/2000
Granger,46225,57612,80.2,10/06/2000
Granger,46003,57612,79.8,10/07/2000
Granger,45825,57612,79.5,10/08/2000
Granger,45736,57612,79.4,10/09/2000
Granger,45736,57612,79.4,10/10/2000
Granger,45691,57612,79.3,10/11/2000
Granger,45602,57612,79.2,10/12/2000
Granger,45602,57612,79.2,10/13/2000
Granger,45602,57612,79.2,10/14/2000
Granger,45558,57612,79.1,10/15/2000
Granger,45602,57612,79.2,10/16/2000
Granger,45869,57612,79.6,10/17/2000
Granger,46270,57612,80.3,10/18/2000
Granger,46403,57612,80.5,10/19/2000
Granger,46492,57612,80.7,10/20/2000
Granger,46536,57612,80.8,10/21/2000
Granger,48093,57612,83.5,10/22/2000
Granger,50095,57612,87.0,10/23/2000
Granger,50762,57612,88.1,10/24/2000
Granger,51073,57612,88.6,10/25/2000
Granger,51207,57612,88.9,10/26/2000
Granger,51340,57612,89.1,10/27/2000
Granger,51340,57612,89.1,10/28/2000
Granger,51429,57612,89.3,10/29/2000
Granger,51474,57612,89.3,10/30/2000
Granger,51474,57612,89.3,10/31/2000
Granger,51474,57612,89.3,11/01/2000
Granger,51563,57612,89.5,11/02/2000
Granger,53431,57612,92.7,11/03/2000
Granger,57612,57612,100.0,11/04/2000
Granger,57612,57612,100.0,11/05/2000
Granger,57612,57612,100.0,11/06/2000
Granger,57612,57612,100.0,11/07/2000
Granger,57612,57612,100.0,11/08/2000
Granger,57612,57612,100.0,11/09/2000
Granger,57612,57612,100.0,11/10/2000
Granger,57612,57612,100.0,11/11/2000
Granger,57612,57612,100.0,11/12/2000
Granger,57612,57612,100.0,11/13/2000
Granger,57612,57612,100.0,11/14/2000
Granger,57612,57612,100.0,11/15/2000
Granger,57612,57612,100.0,11/16/2000
Granger,57612,57612,100.0,11/17/2000
Granger,57612,57612,100.0,11/18/2000
Granger,57612,57612,100.0,11/19/2000
Granger,57612,57612,100.0,11/20/2000
Granger,57612,57612,100.0,11/21/2000
Granger,57612,57612,100.0,11/22/2000
Granger,57612,57612,100.0,11/23/2000
Granger,57612,57612,100.0,11/24/2000
Granger,57612,57612,100.0,11/25/2000
Granger,57612,57612,100.0,11/26/2000
Granger,57612,57612,100.0,11/27/2000
Granger,57612,57612,100.0,11/28/2000
Granger,57612,57612,100.0,11/29/2000
Granger,57612,57612,100.0,11/30/2000
Granger,57612,57612,100.0,12/01/2000
Granger,57612,57612,100.0,12/02/2000
Granger,57612,57612,100.0,12/03/2000
Granger,57612,57612,100.0,12/04/2000
Granger,57612,57612,100.0,12/05/2000
Granger,57612,57612,100.0,12/06/2000
Granger,57612,57612,100.0,12/07/2000
Granger,57612,57612,100.0,12/08/2000
Granger,57612,57612,100.0,12/09/2000
Granger,57612,57612,100.0,12/10/2000
Granger,57612,57612,100.0,12/11/2000
Granger,57612,57612,100.0,12/12/2000
Granger,57612,57612,100.0,12/13/2000
Granger,57612,57612,100.0,12/14/2000
Granger,57612,57612,100.0,12/15/2000
Granger,57612,57612,100.0,12/16/2000
Granger,57612,57612,100.0,12/17/2000
Granger,57612,57612,100.0,12/18/2000
Granger,57612,57612,100.0,12/19/2000
Granger,57612,57612,100.0,12/20/2000
Granger,57612,57612,100.0,12/21/2000
Granger,57612,57612,100.0,12/22/2000
Granger,57612,57612,100.0,12/23/2000
Granger,57612,57612,100.0,12/24/2000
Granger,57612,57612,100.0,12/25/2000
Granger,57612,57612,100.0,12/26/2000
Granger,57612,57612,100.0,12/27/2000
Granger,57612,57612,100.0,12/28/2000
Granger,57612,57612,100.0,12/29/2000
Granger,57612,57612,100.0,12/30/2000
Granger,57612,57612,100.0,12/31/2000
Granger,57612,57612,100.0,01/01/2001
Granger,57612,57612,100.0,01/02/2001
Granger,57612,57612,100.0,01/03/2001
Granger,57612,57612,100.0,01/04/2001
Granger,57612,57612,100.0,01/05/2001
Granger,57612,57612,100.0,01/06/2001
Granger,57612,57612,100.0,01/07/2001
Granger,57612,57612,100.0,01/08/2001
Granger,57612,57612,100.0,01/09/2001
Granger,57612,57612,100.0,01/10/2001
Granger,57612,57612,100.0,01/11/2001
Granger,57612,57612,100.0,01/12/2001
Granger,57612,57612,100.0,01/13/2001
Granger,57612,57612,100.0,01/14/2001
Granger,57612,57612,100.0,01/15/2001
Granger,57612,57612,100.0,01/16/2001
Granger,57612,57612,100.0,01/17/2001
Granger,57612,57612,100.0,01/18/2001
Granger,57612,57612,100.0,01/19/2001
Granger,57612,57612,100.0,01/20/2001
Granger,57612,57612,100.0,01/21/2001
Granger,57612,57612,100.0,01/22/2001
Granger,57612,57612,100.0,01/23/2001
Granger,57612,57612,100.0,01/24/2001
Granger,57612,57612,100.0,01/25/2001
Granger,57612,57612,100.0,01/26/2001
Granger,57612,57612,100.0,01/27/2001
Granger,57612,57612,100.0,01/28/2001
Granger,57612,57612,100.0,01/29/2001
Granger,57612,57612,100.0,01/30/2001
Granger,57612,57612,100.0,01/31/2001
Granger,57612,57612,100.0,02/01/2001
Granger,57612,57612,100.0,02/02/2001
Granger,57612,57612,100.0,02/03/2001
Granger,57612,57612,100.0,02/04/2001
Granger,57612,57612,100.0,02/05/2001
Granger,57612,57612,100.0,02/06/2001
Granger,57612,57612,100.0,02/07/2001
Granger,57612,57612,100.0,02/08/2001
Granger,57612,57612,100.0,02/09/2001
Granger,57612,57612,100.0,02/10/2001
Granger,57612,57612,100.0,02/11/2001
Granger,57612,57612,100.0,02/12/2001
Granger,57612,57612,100.0,02/13/2001
Granger,57612,57612,100.0,02/14/2001
Granger,57612,57612,100.0,02/15/2001
Granger,57612,57612,100.0,02/16/2001
Granger,57612,57612,100.0,02/17/2001
Granger,57612,57612,100.0,02/18/2001
Granger,57612,57612,100.0,02/19/2001
Granger,57612,57612,100.0,02/20/2001
Granger,57612,57612,100.0,02/21/2001
Granger,57612,57612,100.0,02/22/2001
Granger,57612,57612,100.0,02/23/2001
Granger,57612,57612,100.0,02/24/2001
Granger,57612,57612,100.0,02/25/2001
Granger,57612,57612,100.0,02/26/2001
Granger,57612,57612,100.0,02/27/2001
Granger,57612,57612,100.0,02/28/2001
Granger,57612,57612,100.0,03/01/2001
Granger,57612,57612,100.0,03/02/2001
Granger,57612,57612,100.0,03/03/2001
Granger,57612,57612,100.0,03/04/2001
Granger,57612,57612,100.0,03/05/2001
Granger,57612,57612,100.0,03/06/2001
Granger,57612,57612,100.0,03/07/2001
Granger,57612,57612,100.0,03/08/2001
Granger,57612,57612,100.0,03/09/2001
Granger,57612,57612,100.0,03/10/2001
Granger,57612,57612,100.0,03/11/2001
Granger,57612,57612,100.0,03/12/2001
Granger,57612,57612,100.0,03/13/2001
Granger,57612,57612,100.0,03/14/2001
Granger,57612,57612,100.0,03/15/2001
Granger,57612,57612,100.0,03/16/2001
Granger,57612,57612,100.0,03/17/2001
Granger,57612,57612,100.0,03/18/2001
Granger,57612,57612,100.0,03/19/2001
Granger,57612,57612,100.0,03/20/2001
Granger,57612,57612,100.0,03/21/2001
Granger,57612,57612,100.0,03/22/2001
Granger,57612,57612,100.0,03/23/2001
Granger,57612,57612,100.0,03/24/2001
Granger,57612,57612,100.0,03/25/2001
Granger,57612,57612,100.0,03/26/2001
Granger,57612,57612,100.0,03/27/2001
Granger,57612,57612,100.0,03/28/2001
Granger,57612,57612,100.0,03/29/2001
Granger,57612,57612,100.0,03/30/2001
Granger,57612,57612,100.0,03/31/2001
Granger,57612,57612,100.0,04/01/2001
Granger,57612,57612,100.0,04/02/2001
Granger,57612,57612,100.0,04/03/2001
Granger,57612,57612,100.0,04/04/2001
Granger,57612,57612,100.0,04/05/2001
Granger,57612,57612,100.0,04/06/2001
Granger,57612,57612,100.0,04/07/2001
Granger,57612,57612,100.0,04/08/2001
Granger,57612,57612,100.0,04/09/2001
Granger,57612,57612,100.0,04/10/2001
Granger,57612,57612,100.0,04/11/2001
Granger,57612,57612,100.0,04/12/2001
Granger,57612,57612,100.0,04/13/2001
Granger,57612,57612,100.0,04/14/2001
Granger,57612,57612,100.0,04/15/2001
Granger,57612,57612,100.0,04/16/2001
Granger,57612,57612,100.0,04/17/2001
Granger,57612,57612,100.0,04/18/2001
Granger,57612,57612,100.0,04/19/2001
Granger,57612,57612,100.0,04/20/2001
Granger,57612,57612,100.0,04/21/2001
Granger,57612,57612,100.0,04/22/2001
Granger,57612,57612,100.0,04/23/2001
Granger,57612,57612,100.0,04/24/2001
Granger,57612,57612,100.0,04/25/2001
Granger,57612,57612,100.0,04/26/2001
Granger,57612,57612,100.0,04/27/2001
Granger,57612,57612,100.0,04/28/2001
Granger,57612,57612,100.0,04/29/2001
Granger,57612,57612,100.0,04/30/2001
Granger,57612,57612,100.0,05/01/2001
Granger,57612,57612,100.0,05/02/2001
Granger,57612,57612,100.0,05/03/2001
Granger,57612,57612,100.0,05/04/2001
Granger,57612,57612,100.0,05/05/2001
Granger,57612,57612,100.0,05/06/2001
Granger,57612,57612,100.0,05/07/2001
Granger,57612,57612,100.0,05/08/2001
Granger,57612,57612,100.0,05/09/2001
Granger,57612,57612,100.0,05/10/2001
Granger,57612,57612,100.0,05/11/2001
Granger,57612,57612,100.0,05/12/2001
Granger,57612,57612,100.0,05/13/2001
Granger,57612,57612,100.0,05/14/2001
Granger,57612,57612,100.0,05/15/2001
Granger,57612,57612,100.0,05/16/2001
Granger,57612,57612,100.0,05/17/2001
Granger,57612,57612,100.0,05/18/2001
Granger,57612,57612,100.0,05/19/2001
Granger,57612,57612,100.0,05/20/2001
Granger,57612,57612,100.0,05/21/2001
Granger,57612,57612,100.0,05/22/2001
Granger,57612,57612,100.0,05/23/2001
Granger,57612,57612,100.0,05/24/2001
Granger,57612,57612,100.0,05/25/2001
Granger,57612,57612,100.0,05/26/2001
Granger,57612,57612,100.0,05/27/2001
Granger,57612,57612,100.0,05/28/2001
Granger,57612,57612,100.0,05/29/2001
Granger,57612,57612,100.0,05/30/2001
Granger,57612,57612,100.0,05/31/2001
Granger,57612,57612,100.0,06/01/2001
Granger,57612,57612,100.0,06/02/2001
Granger,57612,57612,100.0,06/03/2001
Granger,57612,57612,100.0,06/04/2001
Granger,57612,57612,100.0,06/05/2001
Granger,57612,57612,100.0,06/06/2001
Granger,57612,57612,100.0,06/07/2001
Granger,57612,57612,100.0,06/08/2001
Granger,57612,57612,100.0,06/09/2001
Granger,57612,57612,100.0,06/10/2001
Granger,57612,57612,100.0,06/11/2001
Granger,57612,57612,100.0,06/12/2001
Granger,57612,57612,100.0,06/13/2001
Granger,57612,57612,100.0,06/14/2001
Granger,57612,57612,100.0,06/15/2001
Granger,57612,57612,100.0,06/16/2001
Granger,57612,57612,100.0,06/17/2001
Granger,57612,57612,100.0,06/18/2001
Granger,57612,57612,100.0,06/19/2001
Granger,57612,57612,100.0,06/20/2001
Granger,57612,57612,100.0,06/21/2001
Granger,57612,57612,100.0,06/22/2001
Granger,57612,57612,100.0,06/23/2001
Granger,57612,57612,100.0,06/24/2001
Granger,57612,57612,100.0,06/25/2001
Granger,57612,57612,100.0,06/26/2001
Granger,57612,57612,100.0,06/27/2001
Granger,57612,57612,100.0,06/28/2001
Granger,57612,57612,100.0,06/29/2001
Granger,57612,57612,100.0,06/30/2001
Granger,57612,57612,100.0,07/01/2001
Granger,57612,57612,100.0,07/02/2001
Granger,57612,57612,100.0,07/03/2001
Granger,57612,57612,100.0,07/04/2001
Granger,57612,57612,100.0,07/05/2001
Granger,57612,57612,100.0,07/06/2001
Granger,57612,57612,100.0,07/07/2001
Granger,57612,57612,100.0,07/08/2001
Granger,57612,57612,100.0,07/09/2001
Granger,57612,57612,100.0,07/10/2001
Granger,57612,57612,100.0,07/11/2001
Granger,57612,57612,100.0,07/12/2001
Granger,57612,57612,100.0,07/13/2001
Granger,57612,57612,100.0,07/14/2001
Granger,57612,57612,100.0,07/15/2001
Granger,57612,57612,100.0,07/16/2001
Granger,57612,57612,100.0,07/17/2001
Granger,57612,57612,100.0,07/18/2001
Granger,57612,57612,100.0,07/19/2001
Granger,57612,57612,100.0,07/20/2001
Granger,57612,57612,100.0,07/21/2001
Granger,57612,57612,100.0,07/22/2001
Granger,57612,57612,100.0,07/23/2001
Granger,57612,57612,100.0,07/24/2001
Granger,57612,57612,100.0,07/25/2001
Granger,57612,57612,100.0,07/26/2001
Granger,57612,57612,100.0,07/27/2001
Granger,57612,57612,100.0,07/28/2001
Granger,57612,57612,100.0,07/29/2001
Granger,57568,57612,99.9,07/30/2001
Granger,57345,57612,99.5,07/31/2001
Granger,57167,57612,99.2,08/01/2001
Granger,57034,57612,99.0,08/02/2001
Granger,56767,57612,98.5,08/03/2001
Granger,56633,57612,98.3,08/04/2001
Granger,56500,57612,98.1,08/05/2001
Granger,56278,57612,97.7,08/06/2001
Granger,56011,57612,97.2,08/07/2001
Granger,55833,57612,96.9,08/08/2001
Granger,55566,57612,96.4,08/09/2001
Granger,55210,57612,95.8,08/10/2001
Granger,55032,57612,95.5,08/11/2001
Granger,54632,57612,94.8,08/12/2001
Granger,54409,57612,94.4,08/13/2001
Granger,54098,57612,93.9,08/14/2001
Granger,54098,57612,93.9,08/15/2001
Granger,54098,57612,93.9,08/16/2001
Granger,54009,57612,93.7,08/17/2001
Granger,53965,57612,93.7,08/18/2001
Granger,53831,57612,93.4,08/19/2001
Granger,53876,57612,93.5,08/20/2001
Granger,53831,57612,93.4,08/21/2001
Granger,53742,57612,93.3,08/22/2001
Granger,53698,57612,93.2,08/23/2001
Granger,53609,57612,93.1,08/24/2001
Granger,53564,57612,93.0,08/25/2001
Granger,53431,57612,92.7,08/26/2001
Granger,54543,57612,94.7,08/27/2001
Granger,54676,57612,94.9,08/28/2001
Granger,54899,57612,95.3,08/29/2001
Granger,55077,57612,95.6,08/30/2001
Granger,57612,57612,100.0,08/31/2001
Granger,57612,57612,100.0,09/01/2001
Granger,57612,57612,100.0,09/02/2001
Granger,57612,57612,100.0,09/03/2001
Granger,57612,57612,100.0,09/04/2001
Granger,57612,57612,100.0,09/05/2001
Granger,57612,57612,100.0,09/06/2001
Granger,57612,57612,100.0,09/07/2001
Granger,57612,57612,100.0,09/08/2001
Granger,57612,57612,100.0,09/09/2001
Granger,57612,57612,100.0,09/10/2001
Granger,57612,57612,100.0,09/11/2001
Granger,57612,57612,100.0,09/12/2001
Granger,57612,57612,100.0,09/13/2001
Granger,57612,57612,100.0,09/14/2001
Granger,57612,57612,100.0,09/15/2001
Granger,57612,57612,100.0,09/16/2001
Granger,57612,57612,100.0,09/17/2001
Granger,57612,57612,100.0,09/18/2001
Granger,57612,57612,100.0,09/19/2001
Granger,57612,57612,100.0,09/20/2001
Granger,57612,57612,100.0,09/21/2001
Granger,57612,57612,100.0,09/22/2001
Granger,57612,57612,100.0,09/23/2001
Granger,57612,57612,100.0,09/24/2001
Granger,57612,57612,100.0,09/25/2001
Granger,57612,57612,100.0,09/26/2001
Granger,57612,57612,100.0,09/27/2001
Granger,57612,57612,100.0,09/28/2001
Granger,57612,57612,100.0,09/29/2001
Granger,57612,57612,100.0,09/30/2001
Granger,57612,57612,100.0,10/01/2001
Granger,57612,57612,100.0,10/02/2001
Granger,57612,57612,100.0,10/03/2001
Granger,57612,57612,100.0,10/04/2001
Granger,57612,57612,100.0,10/05/2001
Granger,57612,57612,100.0,10/06/2001
Granger,57612,57612,100.0,10/07/2001
Granger,57612,57612,100.0,10/08/2001
Granger,57612,57612,100.0,10/09/2001
Granger,57612,57612,100.0,10/10/2001
Granger,57612,57612,100.0,10/11/2001
Granger,57612,57612,100.0,10/12/2001
Granger,57612,57612,100.0,10/13/2001
Granger,57612,57612,100.0,10/14/2001
Granger,57612,57612,100.0,10/15/2001
Granger,57612,57612,100.0,10/16/2001
Granger,57612,57612,100.0,10/17/2001
Granger,57612,57612,100.0,10/18/2001
Granger,57612,57612,100.0,10/19/2001
Granger,57612,57612,100.0,10/20/2001
Granger,57612,57612,100.0,10/21/2001
Granger,57612,57612,100.0,10/22/2001
Granger,57612,57612,100.0,10/23/2001
Granger,57612,57612,100.0,10/24/2001
Granger,57612,57612,100.0,10/25/2001
Granger,57612,57612,100.0,10/26/2001
Granger,57612,57612,100.0,10/27/2001
Granger,57612,57612,100.0,10/28/2001
Granger,57612,57612,100.0,10/29/2001
Granger,57612,57612,100.0,10/30/2001
Granger,57612,57612,100.0,10/31/2001
Granger,57612,57612,100.0,11/01/2001
Granger,57612,57612,100.0,11/02/2001
Granger,57612,57612,100.0,11/03/2001
Granger,57612,57612,100.0,11/04/2001
Granger,57612,57612,100.0,11/05/2001
Granger,57612,57612,100.0,11/06/2001
Granger,57612,57612,100.0,11/07/2001
Granger,57612,57612,100.0,11/08/2001
Granger,57612,57612,100.0,11/09/2001
Granger,57612,57612,100.0,11/10/2001
Granger,57612,57612,100.0,11/11/2001
Granger,57612,57612,100.0,11/12/2001
Granger,57612,57612,100.0,11/13/2001
Granger,57612,57612,100.0,11/14/2001
Granger,57612,57612,100.0,11/15/2001
Granger,57612,57612,100.0,11/16/2001
Granger,57612,57612,100.0,11/17/2001
Granger,57612,57612,100.0,11/18/2001
Granger,57612,57612,100.0,11/19/2001
Granger,57612,57612,100.0,11/20/2001
Granger,57612,57612,100.0,11/21/2001
Granger,57612,57612,100.0,11/22/2001
Granger,57612,57612,100.0,11/23/2001
Granger,57612,57612,100.0,11/24/2001
Granger,57612,57612,100.0,11/25/2001
Granger,57612,57612,100.0,11/26/2001
Granger,57612,57612,100.0,11/27/2001
Granger,57612,57612,100.0,11/28/2001
Granger,57612,57612,100.0,11/29/2001
Granger,57612,57612,100.0,11/30/2001
Granger,57612,57612,100.0,12/01/2001
Granger,57612,57612,100.0,12/02/2001
Granger,57612,57612,100.0,12/03/2001
Granger,57612,57612,100.0,12/04/2001
Granger,57612,57612,100.0,12/05/2001
Granger,57612,57612,100.0,12/06/2001
Granger,57612,57612,100.0,12/07/2001
Granger,57612,57612,100.0,12/08/2001
Granger,57612,57612,100.0,12/09/2001
Granger,57612,57612,100.0,12/10/2001
Granger,57612,57612,100.0,12/11/2001
Granger,57612,57612,100.0,12/12/2001
Granger,57612,57612,100.0,12/13/2001
Granger,57612,57612,100.0,12/14/2001
Granger,57612,57612,100.0,12/15/2001
Granger,57612,57612,100.0,12/16/2001
Granger,57612,57612,100.0,12/17/2001
Granger,57612,57612,100.0,12/18/2001
Granger,57612,57612,100.0,12/19/2001
Granger,57612,57612,100.0,12/20/2001
Granger,57612,57612,100.0,12/21/2001
Granger,57612,57612,100.0,12/22/2001
Granger,57612,57612,100.0,12/23/2001
Granger,57612,57612,100.0,12/24/2001
Granger,57612,57612,100.0,12/25/2001
Granger,57612,57612,100.0,12/26/2001
Granger,57612,57612,100.0,12/27/2001
Granger,57612,57612,100.0,12/28/2001
Granger,57612,57612,100.0,12/29/2001
Granger,57612,57612,100.0,12/30/2001
Granger,57612,57612,100.0,12/31/2001
Granger,57612,57612,100.0,01/01/2002
Granger,57612,57612,100.0,01/02/2002
Granger,57612,57612,100.0,01/03/2002
Granger,57612,57612,100.0,01/04/2002
Granger,57612,57612,100.0,01/05/2002
Granger,57612,57612,100.0,01/06/2002
Granger,57612,57612,100.0,01/07/2002
Granger,57612,57612,100.0,01/08/2002
Granger,57612,57612,100.0,01/09/2002
Granger,57612,57612,100.0,01/10/2002
Granger,57612,57612,100.0,01/11/2002
Granger,57612,57612,100.0,01/12/2002
Granger,57612,57612,100.0,01/13/2002
Granger,57612,57612,100.0,01/14/2002
Granger,57612,57612,100.0,01/15/2002
Granger,57612,57612,100.0,01/16/2002
Granger,57612,57612,100.0,01/17/2002
Granger,57612,57612,100.0,01/18/2002
Granger,57612,57612,100.0,01/19/2002
Granger,57612,57612,100.0,01/20/2002
Granger,57612,57612,100.0,01/21/2002
Granger,57612,57612,100.0,01/22/2002
Granger,57612,57612,100.0,01/23/2002
Granger,57612,57612,100.0,01/24/2002
Granger,57612,57612,100.0,01/25/2002
Granger,57612,57612,100.0,01/26/2002
Granger,57612,57612,100.0,01/27/2002
Granger,57612,57612,100.0,01/28/2002
Granger,57612,57612,100.0,01/29/2002
Granger,57612,57612,100.0,01/30/2002
Granger,57612,57612,100.0,01/31/2002
Granger,57612,57612,100.0,02/01/2002
Granger,57612,57612,100.0,02/02/2002
Granger,57612,57612,100.0,02/03/2002
Granger,57612,57612,100.0,02/04/2002
Granger,57612,57612,100.0,02/05/2002
Granger,57612,57612,100.0,02/06/2002
Granger,57612,57612,100.0,02/07/2002
Granger,57612,57612,100.0,02/08/2002
Granger,57612,57612,100.0,02/09/2002
Granger,57612,57612,100.0,02/10/2002
Granger,57612,57612,100.0,02/11/2002
Granger,57612,57612,100.0,02/12/2002
Granger,57612,57612,100.0,02/13/2002
Granger,57612,57612,100.0,02/14/2002
Granger,57612,57612,100.0,02/15/2002
Granger,57612,57612,100.0,02/16/2002
Granger,57612,57612,100.0,02/17/2002
Granger,57612,57612,100.0,02/18/2002
Granger,57612,57612,100.0,02/19/2002
Granger,57612,57612,100.0,02/20/2002
Granger,57612,57612,100.0,02/21/2002
Granger,57612,57612,100.0,02/22/2002
Granger,57612,57612,100.0,02/23/2002
Granger,57612,57612,100.0,02/24/2002
Granger,57612,57612,100.0,02/25/2002
Granger,57612,57612,100.0,02/26/2002
Granger,57612,57612,100.0,02/27/2002
Granger,57612,57612,100.0,02/28/2002
Granger,57612,57612,100.0,03/01/2002
Granger,57612,57612,100.0,03/02/2002
Granger,57612,57612,100.0,03/03/2002
Granger,57612,57612,100.0,03/04/2002
Granger,57612,57612,100.0,03/05/2002
Granger,57612,57612,100.0,03/06/2002
Granger,57612,57612,100.0,03/07/2002
Granger,57612,57612,100.0,03/08/2002
Granger,57612,57612,100.0,03/09/2002
Granger,57612,57612,100.0,03/10/2002
Granger,57612,57612,100.0,03/11/2002
Granger,57612,57612,100.0,03/12/2002
Granger,57612,57612,100.0,03/13/2002
Granger,57612,57612,100.0,03/14/2002
Granger,57612,57612,100.0,03/15/2002
Granger,57612,57612,100.0,03/16/2002
Granger,57612,57612,100.0,03/17/2002
Granger,57612,57612,100.0,03/18/2002
Granger,57612,57612,100.0,03/19/2002
Granger,57612,57612,100.0,03/20/2002
Granger,57612,57612,100.0,03/21/2002
Granger,57612,57612,100.0,03/22/2002
Granger,57612,57612,100.0,03/23/2002
Granger,57612,57612,100.0,03/24/2002
Granger,57612,57612,100.0,03/25/2002
Granger,57612,57612,100.0,03/26/2002
Granger,57612,57612,100.0,03/27/2002
Granger,57612,57612,100.0,03/28/2002
Granger,57612,57612,100.0,03/29/2002
Granger,57612,57612,100.0,03/30/2002
Granger,57612,57612,100.0,03/31/2002
Granger,57612,57612,100.0,04/01/2002
Granger,57612,57612,100.0,04/02/2002
Granger,57612,57612,100.0,04/03/2002
Granger,57612,57612,100.0,04/04/2002
Granger,57612,57612,100.0,04/05/2002
Granger,57612,57612,100.0,04/06/2002
Granger,57612,57612,100.0,04/07/2002
Granger,57612,57612,100.0,04/08/2002
Granger,57612,57612,100.0,04/09/2002
Granger,57612,57612,100.0,04/10/2002
Granger,57612,57612,100.0,04/11/2002
Granger,57612,57612,100.0,04/12/2002
Granger,57612,57612,100.0,04/13/2002
Granger,57612,57612,100.0,04/14/2002
Granger,57612,57612,100.0,04/15/2002
Granger,57612,57612,100.0,04/16/2002
Granger,57612,57612,100.0,04/17/2002
Granger,57612,57612,100.0,04/18/2002
Granger,57612,57612,100.0,04/19/2002
Granger,57612,57612,100.0,04/20/2002
Granger,57612,57612,100.0,04/21/2002
Granger,57612,57612,100.0,04/22/2002
Granger,57612,57612,100.0,04/23/2002
Granger,57612,57612,100.0,04/24/2002
Granger,57612,57612,100.0,04/25/2002
Granger,57612,57612,100.0,04/26/2002
Granger,57612,57612,100.0,04/27/2002
Granger,57612,57612,100.0,04/28/2002
Granger,57612,57612,100.0,04/29/2002
Granger,57612,57612,100.0,04/30/2002
Granger,57612,57612,100.0,05/01/2002
Granger,57612,57612,100.0,05/02/2002
Granger,57612,57612,100.0,05/03/2002
Granger,57612,57612,100.0,05/04/2002
Granger,57612,57612,100.0,05/05/2002
Granger,57612,57612,100.0,05/06/2002
Granger,57612,57612,100.0,05/07/2002
Granger,57612,57612,100.0,05/08/2002
Granger,57612,57612,100.0,05/09/2002
Granger,57612,57612,100.0,05/10/2002
Granger,57612,57612,100.0,05/11/2002
Granger,57612,57612,100.0,05/12/2002
Granger,57612,57612,100.0,05/13/2002
Granger,57612,57612,100.0,05/14/2002
Granger,57612,57612,100.0,05/15/2002
Granger,57612,57612,100.0,05/16/2002
Granger,57612,57612,100.0,05/17/2002
Granger,57612,57612,100.0,05/18/2002
Granger,57612,57612,100.0,05/19/2002
Granger,57612,57612,100.0,05/20/2002
Granger,57612,57612,100.0,05/21/2002
Granger,57612,57612,100.0,05/22/2002
Granger,57479,57612,99.8,05/23/2002
Granger,57345,57612,99.5,05/24/2002
Granger,57301,57612,99.5,05/25/2002
Granger,57212,57612,99.3,05/26/2002
Granger,57212,57612,99.3,05/27/2002
Granger,57479,57612,99.8,05/28/2002
Granger,57612,57612,100.0,05/29/2002
Granger,57612,57612,100.0,05/30/2002
Granger,57612,57612,100.0,05/31/2002
Granger,57612,57612,100.0,06/01/2002
Granger,57612,57612,100.0,06/02/2002
Granger,57612,57612,100.0,06/03/2002
Granger,57612,57612,100.0,06/04/2002
Granger,57612,57612,100.0,06/05/2002
Granger,57612,57612,100.0,06/06/2002
Granger,57612,57612,100.0,06/07/2002
Granger,57612,57612,100.0,06/08/2002
Granger,57612,57612,100.0,06/09/2002
Granger,57612,57612,100.0,06/10/2002
Granger,57612,57612,100.0,06/11/2002
Granger,57612,57612,100.0,06/12/2002
Granger,57568,57612,99.9,06/13/2002
Granger,57434,57612,99.7,06/14/2002
Granger,57212,57612,99.3,06/15/2002
Granger,57212,57612,99.3,06/16/2002
Granger,57612,57612,100.0,06/17/2002
Granger,57523,57612,99.8,06/18/2002
Granger,57479,57612,99.8,06/19/2002
Granger,57390,57612,99.6,06/20/2002
Granger,57256,57612,99.4,06/21/2002
Granger,57123,57612,99.2,06/22/2002
Granger,56989,57612,98.9,06/23/2002
Granger,56989,57612,98.9,06/24/2002
Granger,56811,57612,98.6,06/25/2002
Granger,56678,57612,98.4,06/26/2002
Granger,56722,57612,98.5,06/27/2002
Granger,56678,57612,98.4,06/28/2002
Granger,56678,57612,98.4,06/29/2002
Granger,56722,57612,98.5,06/30/2002
Granger,57612,57612,100.0,07/01/2002
Granger,57612,57612,100.0,07/02/2002
Granger,57612,57612,100.0,07/03/2002
Granger,57612,57612,100.0,07/04/2002
Granger,57612,57612,100.0,07/05/2002
Granger,57612,57612,100.0,07/06/2002
Granger,57612,57612,100.0,07/07/2002
Granger,57612,57612,100.0,07/08/2002
Granger,57612,57612,100.0,07/09/2002
Granger,57612,57612,100.0,07/10/2002
Granger,57612,57612,100.0,07/11/2002
Granger,57612,57612,100.0,07/12/2002
Granger,57612,57612,100.0,07/13/2002
Granger,57612,57612,100.0,07/14/2002
Granger,57612,57612,100.0,07/15/2002
Granger,57612,57612,100.0,07/16/2002
Granger,57612,57612,100.0,07/17/2002
Granger,57612,57612,100.0,07/18/2002
Granger,57612,57612,100.0,07/19/2002
Granger,57612,57612,100.0,07/20/2002
Granger,57612,57612,100.0,07/21/2002
Granger,57612,57612,100.0,07/22/2002
Granger,57612,57612,100.0,07/23/2002
Granger,57612,57612,100.0,07/24/2002
Granger,57612,57612,100.0,07/25/2002
Granger,57612,57612,100.0,07/26/2002
Granger,57612,57612,100.0,07/27/2002
Granger,57612,57612,100.0,07/28/2002
Granger,57612,57612,100.0,07/29/2002
Granger,57612,57612,100.0,07/30/2002
Granger,57612,57612,100.0,07/31/2002
Granger,57612,57612,100.0,08/01/2002
Granger,57612,57612,100.0,08/02/2002
Granger,57612,57612,100.0,08/03/2002
Granger,57612,57612,100.0,08/04/2002
Granger,57612,57612,100.0,08/05/2002
Granger,57612,57612,100.0,08/06/2002
Granger,57612,57612,100.0,08/07/2002
Granger,57612,57612,100.0,08/08/2002
Granger,57612,57612,100.0,08/09/2002
Granger,57612,57612,100.0,08/10/2002
Granger,57612,57612,100.0,08/11/2002
Granger,57612,57612,100.0,08/12/2002
Granger,57612,57612,100.0,08/13/2002
Granger,57612,57612,100.0,08/14/2002
Granger,57612,57612,100.0,08/15/2002
Granger,57612,57612,100.0,08/16/2002
Granger,57612,57612,100.0,08/17/2002
Granger,57612,57612,100.0,08/18/2002
Granger,57612,57612,100.0,08/19/2002
Granger,57612,57612,100.0,08/20/2002
Granger,57612,57612,100.0,08/21/2002
Granger,57612,57612,100.0,08/22/2002
Granger,57612,57612,100.0,08/23/2002
Granger,57612,57612,100.0,08/24/2002
Granger,57612,57612,100.0,08/25/2002
Granger,57612,57612,100.0,08/26/2002
Granger,57612,57612,100.0,08/27/2002
Granger,57612,57612,100.0,08/28/2002
Granger,57612,57612,100.0,08/29/2002
Granger,57612,57612,100.0,08/30/2002
Granger,57612,57612,100.0,08/31/2002
Granger,57612,57612,100.0,09/01/2002
Granger,57612,57612,100.0,09/02/2002
Granger,57612,57612,100.0,09/03/2002
Granger,57612,57612,100.0,09/04/2002
Granger,57612,57612,100.0,09/05/2002
Granger,57612,57612,100.0,09/06/2002
Granger,57612,57612,100.0,09/07/2002
Granger,57612,57612,100.0,09/08/2002
Granger,57612,57612,100.0,09/09/2002
Granger,57612,57612,100.0,09/10/2002
Granger,57612,57612,100.0,09/11/2002
Granger,57612,57612,100.0,09/12/2002
Granger,57612,57612,100.0,09/13/2002
Granger,57612,57612,100.0,09/14/2002
Granger,57612,57612,100.0,09/15/2002
Granger,57612,57612,100.0,09/16/2002
Granger,57612,57612,100.0,09/17/2002
Granger,57612,57612,100.0,09/18/2002
Granger,57612,57612,100.0,09/19/2002
Granger,57612,57612,100.0,09/20/2002
Granger,57612,57612,100.0,09/21/2002
Granger,57612,57612,100.0,09/22/2002
Granger,57612,57612,100.0,09/23/2002
Granger,57612,57612,100.0,09/24/2002
Granger,57612,57612,100.0,09/25/2002
Granger,57612,57612,100.0,09/26/2002
Granger,57612,57612,100.0,09/27/2002
Granger,57612,57612,100.0,09/28/2002
Granger,57612,57612,100.0,09/29/2002
Granger,57612,57612,100.0,09/30/2002
Granger,57612,57612,100.0,10/01/2002
Granger,57612,57612,100.0,10/02/2002
Granger,57612,57612,100.0,10/03/2002
Granger,57612,57612,100.0,10/04/2002
Granger,57612,57612,100.0,10/05/2002
Granger,57612,57612,100.0,10/06/2002
Granger,57612,57612,100.0,10/07/2002
Granger,57612,57612,100.0,10/08/2002
Granger,57568,57612,99.9,10/09/2002
Granger,57612,57612,100.0,10/10/2002
Granger,57612,57612,100.0,10/11/2002
Granger,57612,57612,100.0,10/12/2002
Granger,57612,57612,100.0,10/13/2002
Granger,57434,57612,99.7,10/14/2002
Granger,57434,57612,99.7,10/15/2002
Granger,57390,57612,99.6,10/16/2002
Granger,57390,57612,99.6,10/17/2002
Granger,57434,57612,99.7,10/18/2002
Granger,57434,57612,99.7,10/19/2002
Granger,57612,57612,100.0,10/20/2002
Granger,57612,57612,100.0,10/21/2002
Granger,57612,57612,100.0,10/22/2002
Granger,57612,57612,100.0,10/23/2002
Granger,57612,57612,100.0,10/24/2002
Granger,57612,57612,100.0,10/25/2002
Granger,57612,57612,100.0,10/26/2002
Granger,57612,57612,100.0,10/27/2002
Granger,57612,57612,100.0,10/28/2002
Granger,57612,57612,100.0,10/29/2002
Granger,57612,57612,100.0,10/30/2002
Granger,57612,57612,100.0,10/31/2002
Granger,57612,57612,100.0,11/01/2002
Granger,57612,57612,100.0,11/02/2002
Granger,57612,57612,100.0,11/03/2002
Granger,57612,57612,100.0,11/04/2002
Granger,57612,57612,100.0,11/05/2002
Granger,57612,57612,100.0,11/06/2002
Granger,57612,57612,100.0,11/07/2002
Granger,57612,57612,100.0,11/08/2002
Granger,57612,57612,100.0,11/09/2002
Granger,57612,57612,100.0,11/10/2002
Granger,57612,57612,100.0,11/11/2002
Granger,57612,57612,100.0,11/12/2002
Granger,57612,57612,100.0,11/13/2002
Granger,57301,57612,99.5,11/14/2002
Granger,57612,57612,100.0,11/15/2002
Granger,57612,57612,100.0,11/16/2002
Granger,57612,57612,100.0,11/17/2002
Granger,57612,57612,100.0,11/18/2002
Granger,57612,57612,100.0,11/19/2002
Granger,57612,57612,100.0,11/20/2002
Granger,57612,57612,100.0,11/21/2002
Granger,57612,57612,100.0,11/22/2002
Granger,57612,57612,100.0,11/23/2002
Granger,57612,57612,100.0,11/24/2002
Granger,57612,57612,100.0,11/25/2002
Granger,57612,57612,100.0,11/26/2002
Granger,57612,57612,100.0,11/27/2002
Granger,57612,57612,100.0,11/28/2002
Granger,57612,57612,100.0,11/29/2002
Granger,57612,57612,100.0,11/30/2002
Granger,57612,57612,100.0,12/01/2002
Granger,57612,57612,100.0,12/02/2002
Granger,57612,57612,100.0,12/03/2002
Granger,57612,57612,100.0,12/04/2002
Granger,57612,57612,100.0,12/05/2002
Granger,57523,57612,99.8,12/06/2002
Granger,57523,57612,99.8,12/07/2002
Granger,57523,57612,99.8,12/08/2002
Granger,57612,57612,100.0,12/09/2002
Granger,57612,57612,100.0,12/10/2002
Granger,57612,57612,100.0,12/11/2002
Granger,57612,57612,100.0,12/12/2002
Granger,57612,57612,100.0,12/13/2002
Granger,57612,57612,100.0,12/14/2002
Granger,57612,57612,100.0,12/15/2002
Granger,57612,57612,100.0,12/16/2002
Granger,57612,57612,100.0,12/17/2002
Granger,57612,57612,100.0,12/18/2002
Granger,57612,57612,100.0,12/19/2002
Granger,57612,57612,100.0,12/20/2002
Granger,57612,57612,100.0,12/21/2002
Granger,57612,57612,100.0,12/22/2002
Granger,57612,57612,100.0,12/23/2002
Granger,57612,57612,100.0,12/24/2002
Granger,57612,57612,100.0,12/25/2002
Granger,57612,57612,100.0,12/26/2002
Granger,57612,57612,100.0,12/27/2002
Granger,57612,57612,100.0,12/28/2002
Granger,57612,57612,100.0,12/29/2002
Granger,57612,57612,100.0,12/30/2002
Granger,57612,57612,100.0,12/31/2002
Granger,57612,57612,100.0,01/01/2003
Granger,57612,57612,100.0,01/02/2003
Granger,57612,57612,100.0,01/03/2003
Granger,57612,57612,100.0,01/04/2003
Granger,57612,57612,100.0,01/05/2003
Granger,57612,57612,100.0,01/06/2003
Granger,57612,57612,100.0,01/07/2003
Granger,57612,57612,100.0,01/08/2003
Granger,57612,57612,100.0,01/09/2003
Granger,57612,57612,100.0,01/10/2003
Granger,57612,57612,100.0,01/11/2003
Granger,57612,57612,100.0,01/12/2003
Granger,57612,57612,100.0,01/13/2003
Granger,57612,57612,100.0,01/14/2003
Granger,57612,57612,100.0,01/15/2003
Granger,57612,57612,100.0,01/16/2003
Granger,57612,57612,100.0,01/17/2003
Granger,57612,57612,100.0,01/18/2003
Granger,57612,57612,100.0,01/19/2003
Granger,57612,57612,100.0,01/20/2003
Granger,57612,57612,100.0,01/21/2003
Granger,57612,57612,100.0,01/22/2003
Granger,57612,57612,100.0,01/23/2003
Granger,57612,57612,100.0,01/24/2003
Granger,57434,57612,99.7,01/25/2003
Granger,57434,57612,99.7,01/26/2003
Granger,57612,57612,100.0,01/27/2003
Granger,57612,57612,100.0,01/28/2003
Granger,57612,57612,100.0,01/29/2003
Granger,57612,57612,100.0,01/30/2003
Granger,57612,57612,100.0,01/31/2003
Granger,57612,57612,100.0,02/01/2003
Granger,57612,57612,100.0,02/02/2003
Granger,57612,57612,100.0,02/03/2003
Granger,57612,57612,100.0,02/04/2003
Granger,57612,57612,100.0,02/05/2003
Granger,57523,57612,99.8,02/06/2003
Granger,57034,57612,99.0,02/07/2003
Granger,56633,57612,98.3,02/08/2003
Granger,56633,57612,98.3,02/09/2003
Granger,57123,57612,99.2,02/10/2003
Granger,57256,57612,99.4,02/11/2003
Granger,57123,57612,99.2,02/12/2003
Granger,57034,57612,99.0,02/13/2003
Granger,56900,57612,98.8,02/14/2003
Granger,56900,57612,98.8,02/15/2003
Granger,57123,57612,99.2,02/16/2003
Granger,56989,57612,98.9,02/17/2003
Granger,56900,57612,98.8,02/18/2003
Granger,56767,57612,98.5,02/19/2003
Granger,56633,57612,98.3,02/20/2003
Granger,57612,57612,100.0,02/21/2003
Granger,57612,57612,100.0,02/22/2003
Granger,57612,57612,100.0,02/23/2003
Granger,57612,57612,100.0,02/24/2003
Granger,57612,57612,100.0,02/25/2003
Granger,57612,57612,100.0,02/26/2003
Granger,57612,57612,100.0,02/27/2003
Granger,57612,57612,100.0,02/28/2003
Granger,57612,57612,100.0,03/01/2003
Granger,57612,57612,100.0,03/02/2003
Granger,57612,57612,100.0,03/03/2003
Granger,57612,57612,100.0,03/04/2003
Granger,57612,57612,100.0,03/05/2003
Granger,57612,57612,100.0,03/06/2003
Granger,57612,57612,100.0,03/07/2003
Granger,57612,57612,100.0,03/08/2003
Granger,57612,57612,100.0,03/09/2003
Granger,57612,57612,100.0,03/10/2003
Granger,57612,57612,100.0,03/11/2003
Granger,57568,57612,99.9,03/12/2003
Granger,57034,57612,99.0,03/13/2003
Granger,56856,57612,98.7,03/14/2003
Granger,57034,57612,99.0,03/15/2003
Granger,57301,57612,99.5,03/16/2003
Granger,57612,57612,100.0,03/17/2003
Granger,57612,57612,100.0,03/18/2003
Granger,57301,57612,99.5,03/19/2003
Granger,56633,57612,98.3,03/20/2003
Granger,56367,57612,97.8,03/21/2003
Granger,56367,57612,97.8,03/22/2003
Granger,57434,57612,99.7,03/23/2003
Granger,57612,57612,100.0,03/24/2003
Granger,57612,57612,100.0,03/25/2003
Granger,57612,57612,100.0,03/26/2003
Granger,57612,57612,100.0,03/27/2003
Granger,57612,57612,100.0,03/28/2003
Granger,57612,57612,100.0,03/29/2003
Granger,57612,57612,100.0,03/30/2003
Granger,57612,57612,100.0,03/31/2003
Granger,57612,57612,100.0,04/01/2003
Granger,57612,57612,100.0,04/02/2003
Granger,57612,57612,100.0,04/03/2003
Granger,57612,57612,100.0,04/04/2003
Granger,57612,57612,100.0,04/05/2003
Granger,57612,57612,100.0,04/06/2003
Granger,57612,57612,100.0,04/07/2003
Granger,57612,57612,100.0,04/08/2003
Granger,57434,57612,99.7,04/09/2003
Granger,57256,57612,99.4,04/10/2003
Granger,57034,57612,99.0,04/11/2003
Granger,56900,57612,98.8,04/12/2003
Granger,56900,57612,98.8,04/13/2003
Granger,56989,57612,98.9,04/14/2003
Granger,56989,57612,98.9,04/15/2003
Granger,56989,57612,98.9,04/16/2003
Granger,56900,57612,98.8,04/17/2003
Granger,56900,57612,98.8,04/18/2003
Granger,56900,57612,98.8,04/19/2003
Granger,56856,57612,98.7,04/20/2003
Granger,56722,57612,98.5,04/21/2003
Granger,56633,57612,98.3,04/22/2003
Granger,56589,57612,98.2,04/23/2003
Granger,56589,57612,98.2,04/24/2003
Granger,56500,57612,98.1,04/25/2003
Granger,56456,57612,98.0,04/26/2003
Granger,56500,57612,98.1,04/27/2003
Granger,56589,57612,98.2,04/28/2003
Granger,56589,57612,98.2,04/29/2003
Granger,56633,57612,98.3,04/30/2003
Granger,56767,57612,98.5,05/01/2003
Granger,56767,57612,98.5,05/02/2003
Granger,56856,57612,98.7,05/03/2003
Granger,56900,57612,98.8,05/04/2003
Granger,57034,57612,99.0,05/05/2003
Granger,57123,57612,99.2,05/06/2003
Granger,57256,57612,99.4,05/07/2003
Granger,57301,57612,99.5,05/08/2003
Granger,57390,57612,99.6,05/09/2003
Granger,57301,57612,99.5,05/10/2003
Granger,57301,57612,99.5,05/11/2003
Granger,57167,57612,99.2,05/12/2003
Granger,57256,57612,99.4,05/13/2003
Granger,57301,57612,99.5,05/14/2003
Granger,57301,57612,99.5,05/15/2003
Granger,57256,57612,99.4,05/16/2003
Granger,57167,57612,99.2,05/17/2003
Granger,57123,57612,99.2,05/18/2003
Granger,57123,57612,99.2,05/19/2003
Granger,56989,57612,98.9,05/20/2003
Granger,56900,57612,98.8,05/21/2003
Granger,56856,57612,98.7,05/22/2003
Granger,56767,57612,98.5,05/23/2003
Granger,56767,57612,98.5,05/24/2003
Granger,56900,57612,98.8,05/25/2003
Granger,56900,57612,98.8,05/26/2003
Granger,57167,57612,99.2,05/27/2003
Granger,57256,57612,99.4,05/28/2003
Granger,57301,57612,99.5,05/29/2003
Granger,57390,57612,99.6,05/30/2003
Granger,57434,57612,99.7,05/31/2003
Granger,57390,57612,99.6,06/01/2003
Granger,57301,57612,99.5,06/02/2003
Granger,57256,57612,99.4,06/03/2003
Granger,57167,57612,99.2,06/04/2003
Granger,57568,57612,99.9,06/05/2003
Granger,57612,57612,100.0,06/06/2003
Granger,57612,57612,100.0,06/07/2003
Granger,57612,57612,100.0,06/08/2003
Granger,57612,57612,100.0,06/09/2003
Granger,57612,57612,100.0,06/10/2003
Granger,57612,57612,100.0,06/11/2003
Granger,57612,57612,100.0,06/12/2003
Granger,57612,57612,100.0,06/13/2003
Granger,57612,57612,100.0,06/14/2003
Granger,57612,57612,100.0,06/15/2003
Granger,57612,57612,100.0,06/16/2003
Granger,57612,57612,100.0,06/17/2003
Granger,57612,57612,100.0,06/18/2003
Granger,57612,57612,100.0,06/19/2003
Granger,57612,57612,100.0,06/20/2003
Granger,57612,57612,100.0,06/21/2003
Granger,57612,57612,100.0,06/22/2003
Granger,57612,57612,100.0,06/23/2003
Granger,57390,57612,99.6,06/24/2003
Granger,57034,57612,99.0,06/25/2003
Granger,56856,57612,98.7,06/26/2003
Granger,56856,57612,98.7,06/27/2003
Granger,56767,57612,98.5,06/28/2003
Granger,56767,57612,98.5,06/29/2003
Granger,56722,57612,98.5,06/30/2003
Granger,56633,57612,98.3,07/01/2003
Granger,56633,57612,98.3,07/02/2003
Granger,56633,57612,98.3,07/03/2003
Granger,56589,57612,98.2,07/04/2003
Granger,56722,57612,98.5,07/05/2003
Granger,56633,57612,98.3,07/06/2003
Granger,56633,57612,98.3,07/07/2003
Granger,56722,57612,98.5,07/08/2003
Granger,56856,57612,98.7,07/09/2003
Granger,56856,57612,98.7,07/10/2003
Granger,56767,57612,98.5,07/11/2003
Granger,56633,57612,98.3,07/12/2003
Granger,56633,57612,98.3,07/13/2003
Granger,56500,57612,98.1,07/14/2003
Granger,56367,57612,97.8,07/15/2003
Granger,56233,57612,97.6,07/16/2003
Granger,56233,57612,97.6,07/17/2003
Granger,56233,57612,97.6,07/18/2003
Granger,56233,57612,97.6,07/19/2003
Granger,56100,57612,97.4,07/20/2003
Granger,55966,57612,97.1,07/21/2003
Granger,55788,57612,96.8,07/22/2003
Granger,55655,57612,96.6,07/23/2003
Granger,55833,57612,96.9,07/24/2003
Granger,55788,57612,96.8,07/25/2003
Granger,55655,57612,96.6,07/26/2003
Granger,55521,57612,96.4,07/27/2003
Granger,55299,57612,96.0,07/28/2003
Granger,55299,57612,96.0,07/29/2003
Granger,55121,57612,95.7,07/30/2003
Granger,54988,57612,95.4,07/31/2003
Granger,54765,57612,95.1,08/01/2003
Granger,54632,57612,94.8,08/02/2003
Granger,54498,57612,94.6,08/03/2003
Granger,54320,57612,94.3,08/04/2003
Granger,54098,57612,93.9,08/05/2003
Granger,53965,57612,93.7,08/06/2003
Granger,53787,57612,93.4,08/07/2003
Granger,53564,57612,93.0,08/08/2003
Granger,53386,57612,92.7,08/09/2003
Granger,53120,57612,92.2,08/10/2003
Granger,53075,57612,92.1,08/11/2003
Granger,52986,57612,92.0,08/12/2003
Granger,52808,57612,91.7,08/13/2003
Granger,52808,57612,91.7,08/14/2003
Granger,52719,57612,91.5,08/15/2003
Granger,52586,57612,91.3,08/16/2003
Granger,52541,57612,91.2,08/17/2003
Granger,52452,57612,91.0,08/18/2003
Granger,52319,57612,90.8,08/19/2003
Granger,52185,57612,90.6,08/20/2003
Granger,52052,57612,90.3,08/21/2003
Granger,51919,57612,90.1,08/22/2003
Granger,51785,57612,89.9,08/23/2003
Granger,51652,57612,89.7,08/24/2003
Granger,51518,57612,89.4,08/25/2003
Granger,51518,57612,89.4,08/26/2003
Granger,51385,57612,89.2,08/27/2003
Granger,51251,57612,89.0,08/28/2003
Granger,50984,57612,88.5,08/29/2003
Granger,50673,57612,88.0,09/02/2003
Granger,50629,57612,87.9,09/03/2003
Granger,50584,57612,87.8,09/04/2003
Granger,50495,57612,87.6,09/05/2003
Granger,50139,57612,87.0,09/06/2003
Granger,50095,57612,87.0,09/07/2003
Granger,49872,57612,86.6,09/08/2003
Granger,49828,57612,86.5,09/09/2003
Granger,49695,57612,86.3,09/10/2003
Granger,49606,57612,86.1,09/11/2003
Granger,49739,57612,86.3,09/12/2003
Granger,49872,57612,86.6,09/13/2003
Granger,49872,57612,86.6,09/14/2003
Granger,49872,57612,86.6,09/15/2003
Granger,49872,57612,86.6,09/16/2003
Granger,49828,57612,86.5,09/17/2003
Granger,49739,57612,86.3,09/18/2003
Granger,49739,57612,86.3,09/19/2003
Granger,49606,57612,86.1,09/20/2003
Granger,49606,57612,86.1,09/21/2003
Granger,49695,57612,86.3,09/22/2003
Granger,49606,57612,86.1,09/23/2003
Granger,49606,57612,86.1,09/24/2003
Granger,49606,57612,86.1,09/25/2003
Granger,49606,57612,86.1,09/26/2003
Granger,49606,57612,86.1,09/27/2003
Granger,49472,57612,85.9,09/28/2003
Granger,49339,57612,85.6,09/29/2003
Granger,49339,57612,85.6,09/30/2003
Granger,49205,57612,85.4,10/01/2003
Granger,49072,57612,85.2,10/02/2003
Granger,49027,57612,85.1,10/03/2003
Granger,48938,57612,84.9,10/04/2003
Granger,48894,57612,84.9,10/05/2003
Granger,49072,57612,85.2,10/06/2003
Granger,49072,57612,85.2,10/07/2003
Granger,49072,57612,85.2,10/08/2003
Granger,49072,57612,85.2,10/09/2003
Granger,49205,57612,85.4,10/10/2003
Granger,49205,57612,85.4,10/11/2003
Granger,49339,57612,85.6,10/12/2003
Granger,49383,57612,85.7,10/13/2003
Granger,49383,57612,85.7,10/14/2003
Granger,49250,57612,85.5,10/15/2003
Granger,49250,57612,85.5,10/16/2003
Granger,49205,57612,85.4,10/17/2003
Granger,49116,57612,85.3,10/18/2003
Granger,49072,57612,85.2,10/19/2003
Granger,48983,57612,85.0,10/20/2003
Granger,48983,57612,85.0,10/21/2003
Granger,48983,57612,85.0,10/22/2003
Granger,48849,57612,84.8,10/23/2003
Granger,48849,57612,84.8,10/24/2003
Granger,48805,57612,84.7,10/25/2003
Granger,48716,57612,84.6,10/26/2003
Granger,48583,57612,84.3,10/27/2003
Granger,48538,57612,84.2,10/28/2003
Granger,48449,57612,84.1,10/29/2003
Granger,48316,57612,83.9,10/30/2003
Granger,48360,57612,83.9,10/31/2003
Granger,48360,57612,83.9,11/01/2003
Granger,48360,57612,83.9,11/02/2003
Granger,48360,57612,83.9,11/03/2003
Granger,48360,57612,83.9,11/04/2003
Granger,48360,57612,83.9,11/05/2003
Granger,48360,57612,83.9,11/06/2003
Granger,48227,57612,83.7,11/07/2003
Granger,48093,57612,83.5,11/08/2003
Granger,48093,57612,83.5,11/09/2003
Granger,48049,57612,83.4,11/10/2003
Granger,48093,57612,83.5,11/11/2003
Granger,48093,57612,83.5,11/12/2003
Granger,48049,57612,83.4,11/13/2003
Granger,47960,57612,83.2,11/14/2003
Granger,47915,57612,83.2,11/15/2003
Granger,47960,57612,83.2,11/16/2003
Granger,47960,57612,83.2,11/17/2003
Granger,48227,57612,83.7,11/18/2003
Granger,48227,57612,83.7,11/19/2003
Granger,48227,57612,83.7,11/20/2003
Granger,48227,57612,83.7,11/21/2003
Granger,48138,57612,83.6,11/22/2003
Granger,48227,57612,83.7,11/23/2003
Granger,48093,57612,83.5,11/24/2003
Granger,48004,57612,83.3,11/25/2003
Granger,47960,57612,83.2,11/26/2003
Granger,47960,57612,83.2,11/27/2003
Granger,47871,57612,83.1,11/28/2003
Granger,47826,57612,83.0,11/29/2003
Granger,47737,57612,82.9,11/30/2003
Granger,47737,57612,82.9,12/01/2003
Granger,47737,57612,82.9,12/02/2003
Granger,47737,57612,82.9,12/03/2003
Granger,47737,57612,82.9,12/04/2003
Granger,47737,57612,82.9,12/05/2003
Granger,47604,57612,82.6,12/06/2003
Granger,47560,57612,82.6,12/07/2003
Granger,47560,57612,82.6,12/08/2003
Granger,47560,57612,82.6,12/09/2003
Granger,47560,57612,82.6,12/10/2003
Granger,47426,57612,82.3,12/11/2003
Granger,47426,57612,82.3,12/12/2003
Granger,47515,57612,82.5,12/13/2003
Granger,47560,57612,82.6,12/14/2003
Granger,47560,57612,82.6,12/15/2003
Granger,47560,57612,82.6,12/16/2003
Granger,47560,57612,82.6,12/17/2003
Granger,47515,57612,82.5,12/18/2003
Granger,47426,57612,82.3,12/19/2003
Granger,47515,57612,82.5,12/20/2003
Granger,47515,57612,82.5,12/21/2003
Granger,47515,57612,82.5,12/22/2003
Granger,47515,57612,82.5,12/23/2003
Granger,47515,57612,82.5,12/24/2003
Granger,47471,57612,82.4,12/25/2003
Granger,47471,57612,82.4,12/26/2003
Granger,47515,57612,82.5,12/27/2003
Granger,47515,57612,82.5,12/28/2003
Granger,47648,57612,82.7,12/29/2003
Granger,47604,57612,82.6,12/30/2003
Granger,47515,57612,82.5,12/31/2003
Granger,47515,57612,82.5,01/01/2004
Granger,47648,57612,82.7,01/02/2004
Granger,47737,57612,82.9,01/03/2004
Granger,47782,57612,82.9,01/04/2004
Granger,47782,57612,82.9,01/05/2004
Granger,47604,57612,82.6,01/06/2004
Granger,47471,57612,82.4,01/07/2004
Granger,47471,57612,82.4,01/08/2004
Granger,47560,57612,82.6,01/09/2004
Granger,47471,57612,82.4,01/10/2004
Granger,47471,57612,82.4,01/11/2004
Granger,47560,57612,82.6,01/12/2004
Granger,47560,57612,82.6,01/13/2004
Granger,47560,57612,82.6,01/14/2004
Granger,47604,57612,82.6,01/15/2004
Granger,47826,57612,83.0,01/16/2004
Granger,48760,57612,84.6,01/17/2004
Granger,50406,57612,87.5,01/18/2004
Granger,50673,57612,88.0,01/19/2004
Granger,50673,57612,88.0,01/20/2004
Granger,50807,57612,88.2,01/21/2004
Granger,50896,57612,88.3,01/22/2004
Granger,50940,57612,88.4,01/23/2004
Granger,50940,57612,88.4,01/24/2004
Granger,51296,57612,89.0,01/25/2004
Granger,51340,57612,89.1,01/26/2004
Granger,51340,57612,89.1,01/27/2004
Granger,51296,57612,89.0,01/28/2004
Granger,51340,57612,89.1,01/29/2004
Granger,51474,57612,89.3,01/30/2004
Granger,51474,57612,89.3,01/31/2004
Granger,51518,57612,89.4,02/01/2004
Granger,51563,57612,89.5,02/02/2004
Granger,51518,57612,89.4,02/03/2004
Granger,51696,57612,89.7,02/04/2004
Granger,52274,57612,90.7,02/05/2004
Granger,52541,57612,91.2,02/06/2004
Granger,52586,57612,91.3,02/07/2004
Granger,52630,57612,91.4,02/08/2004
Granger,52808,57612,91.7,02/09/2004
Granger,53208,57612,92.4,02/10/2004
Granger,53787,57612,93.4,02/11/2004
Granger,54409,57612,94.4,02/12/2004
Granger,54765,57612,95.1,02/13/2004
Granger,55077,57612,95.6,02/14/2004
Granger,55255,57612,95.9,02/15/2004
Granger,55388,57612,96.1,02/16/2004
Granger,55521,57612,96.4,02/17/2004
Granger,55699,57612,96.7,02/18/2004
Granger,55877,57612,97.0,02/19/2004
Granger,55966,57612,97.1,02/20/2004
Granger,56011,57612,97.2,02/21/2004
Granger,56100,57612,97.4,02/22/2004
Granger,56233,57612,97.6,02/23/2004
Granger,56456,57612,98.0,02/24/2004
Granger,56767,57612,98.5,02/25/2004
Granger,56856,57612,98.7,02/26/2004
Granger,56900,57612,98.8,02/27/2004
Granger,56945,57612,98.8,02/28/2004
Granger,57167,57612,99.2,02/29/2004
Granger,57345,57612,99.5,03/01/2004
Granger,57479,57612,99.8,03/02/2004
Granger,57612,57612,100.0,03/03/2004
Granger,57612,57612,100.0,03/04/2004
Granger,57612,57612,100.0,03/05/2004
Granger,57612,57612,100.0,03/06/2004
Granger,57612,57612,100.0,03/07/2004
Granger,57612,57612,100.0,03/08/2004
Granger,57612,57612,100.0,03/09/2004
Granger,57612,57612,100.0,03/10/2004
Granger,57612,57612,100.0,03/11/2004
Granger,57612,57612,100.0,03/12/2004
Granger,57612,57612,100.0,03/13/2004
Granger,57612,57612,100.0,03/14/2004
Granger,57612,57612,100.0,03/15/2004
Granger,57612,57612,100.0,03/16/2004
Granger,57612,57612,100.0,03/17/2004
Granger,57612,57612,100.0,03/18/2004
Granger,57612,57612,100.0,03/19/2004
Granger,57612,57612,100.0,03/20/2004
Granger,57612,57612,100.0,03/21/2004
Granger,57612,57612,100.0,03/22/2004
Granger,57612,57612,100.0,03/23/2004
Granger,57612,57612,100.0,03/24/2004
Granger,57612,57612,100.0,03/25/2004
Granger,57612,57612,100.0,03/26/2004
Granger,57612,57612,100.0,03/27/2004
Granger,57612,57612,100.0,03/28/2004
Granger,57612,57612,100.0,03/29/2004
Granger,57612,57612,100.0,03/30/2004
Granger,57612,57612,100.0,03/31/2004
Granger,57612,57612,100.0,04/01/2004
Granger,57612,57612,100.0,04/02/2004
Granger,57612,57612,100.0,04/03/2004
Granger,57612,57612,100.0,04/04/2004
Granger,57612,57612,100.0,04/05/2004
Granger,57612,57612,100.0,04/06/2004
Granger,57612,57612,100.0,04/07/2004
Granger,57612,57612,100.0,04/08/2004
Granger,57612,57612,100.0,04/09/2004
Granger,57612,57612,100.0,04/10/2004
Granger,57612,57612,100.0,04/11/2004
Granger,57612,57612,100.0,04/12/2004
Granger,57612,57612,100.0,04/13/2004
Granger,57612,57612,100.0,04/14/2004
Granger,57612,57612,100.0,04/15/2004
Granger,57612,57612,100.0,04/16/2004
Granger,57612,57612,100.0,04/17/2004
Granger,57612,57612,100.0,04/18/2004
Granger,57612,57612,100.0,04/19/2004
Granger,57612,57612,100.0,04/20/2004
Granger,57612,57612,100.0,04/21/2004
Granger,57612,57612,100.0,04/22/2004
Granger,57612,57612,100.0,04/23/2004
Granger,57612,57612,100.0,04/24/2004
Granger,57612,57612,100.0,04/25/2004
Granger,57612,57612,100.0,04/26/2004
Granger,57612,57612,100.0,04/27/2004
Granger,57612,57612,100.0,04/28/2004
Granger,57612,57612,100.0,04/29/2004
Granger,57612,57612,100.0,04/30/2004
Granger,57612,57612,100.0,05/01/2004
Granger,57612,57612,100.0,05/02/2004
Granger,57612,57612,100.0,05/03/2004
Granger,57612,57612,100.0,05/04/2004
Granger,57612,57612,100.0,05/05/2004
Granger,57612,57612,100.0,05/06/2004
Granger,57612,57612,100.0,05/07/2004
Granger,57612,57612,100.0,05/08/2004
Granger,57612,57612,100.0,05/09/2004
Granger,57612,57612,100.0,05/10/2004
Granger,57612,57612,100.0,05/11/2004
Granger,57612,57612,100.0,05/12/2004
Granger,57612,57612,100.0,05/13/2004
Granger,57612,57612,100.0,05/14/2004
Granger,57612,57612,100.0,05/15/2004
Granger,57612,57612,100.0,05/16/2004
Granger,57612,57612,100.0,05/17/2004
Granger,57612,57612,100.0,05/18/2004
Granger,57612,57612,100.0,05/19/2004
Granger,57612,57612,100.0,05/20/2004
Granger,57612,57612,100.0,05/21/2004
Granger,57612,57612,100.0,05/22/2004
Granger,57612,57612,100.0,05/23/2004
Granger,57612,57612,100.0,05/24/2004
Granger,57612,57612,100.0,05/25/2004
Granger,57612,57612,100.0,05/26/2004
Granger,57612,57612,100.0,05/27/2004
Granger,57612,57612,100.0,05/28/2004
Granger,57612,57612,100.0,05/29/2004
Granger,57612,57612,100.0,05/30/2004
Granger,57612,57612,100.0,05/31/2004
Granger,57612,57612,100.0,06/01/2004
Granger,57612,57612,100.0,06/02/2004
Granger,57612,57612,100.0,06/03/2004
Granger,57612,57612,100.0,06/04/2004
Granger,57612,57612,100.0,06/05/2004
Granger,57612,57612,100.0,06/06/2004
Granger,57612,57612,100.0,06/07/2004
Granger,57612,57612,100.0,06/08/2004
Granger,57612,57612,100.0,06/09/2004
Granger,57612,57612,100.0,06/10/2004
Granger,57612,57612,100.0,06/11/2004
Granger,57612,57612,100.0,06/12/2004
Granger,57612,57612,100.0,06/13/2004
Granger,57612,57612,100.0,06/14/2004
Granger,57612,57612,100.0,06/15/2004
Granger,57612,57612,100.0,06/16/2004
Granger,57612,57612,100.0,06/17/2004
Granger,57612,57612,100.0,06/18/2004
Granger,57612,57612,100.0,06/19/2004
Granger,57612,57612,100.0,06/20/2004
Granger,57612,57612,100.0,06/21/2004
Granger,57612,57612,100.0,06/22/2004
Granger,57612,57612,100.0,06/23/2004
Granger,57612,57612,100.0,06/24/2004
Granger,57612,57612,100.0,06/25/2004
Granger,57612,57612,100.0,06/26/2004
Granger,57612,57612,100.0,06/27/2004
Granger,57612,57612,100.0,06/28/2004
Granger,57612,57612,100.0,06/29/2004
Granger,57612,57612,100.0,06/30/2004
Granger,57612,57612,100.0,07/01/2004
Granger,57612,57612,100.0,07/02/2004
Granger,57612,57612,100.0,07/03/2004
Granger,57612,57612,100.0,07/04/2004
Granger,57612,57612,100.0,07/05/2004
Granger,57612,57612,100.0,07/06/2004
Granger,57612,57612,100.0,07/07/2004
Granger,57612,57612,100.0,07/08/2004
Granger,57612,57612,100.0,07/09/2004
Granger,57612,57612,100.0,07/10/2004
Granger,57612,57612,100.0,07/11/2004
Granger,57612,57612,100.0,07/12/2004
Granger,57612,57612,100.0,07/13/2004
Granger,57612,57612,100.0,07/14/2004
Granger,57612,57612,100.0,07/15/2004
Granger,57612,57612,100.0,07/16/2004
Granger,57612,57612,100.0,07/17/2004
Granger,57612,57612,100.0,07/18/2004
Granger,57612,57612,100.0,07/19/2004
Granger,57612,57612,100.0,07/20/2004
Granger,57612,57612,100.0,07/21/2004
Granger,57612,57612,100.0,07/22/2004
Granger,57612,57612,100.0,07/23/2004
Granger,57612,57612,100.0,07/24/2004
Granger,57612,57612,100.0,07/25/2004
Granger,57612,57612,100.0,07/26/2004
Granger,57612,57612,100.0,07/27/2004
Granger,57612,57612,100.0,07/28/2004
Granger,57612,57612,100.0,07/29/2004
Granger,57612,57612,100.0,07/30/2004
Granger,57612,57612,100.0,07/31/2004
Granger,57612,57612,100.0,08/01/2004
Granger,57612,57612,100.0,08/02/2004
Granger,57612,57612,100.0,08/03/2004
Granger,57612,57612,100.0,08/04/2004
Granger,57612,57612,100.0,08/05/2004
Granger,57612,57612,100.0,08/06/2004
Granger,57612,57612,100.0,08/07/2004
Granger,57612,57612,100.0,08/08/2004
Granger,57612,57612,100.0,08/09/2004
Granger,57612,57612,100.0,08/10/2004
Granger,57612,57612,100.0,08/11/2004
Granger,57612,57612,100.0,08/12/2004
Granger,57612,57612,100.0,08/13/2004
Granger,57612,57612,100.0,08/14/2004
Granger,57612,57612,100.0,08/15/2004
Granger,57612,57612,100.0,08/16/2004
Granger,57612,57612,100.0,08/17/2004
Granger,57612,57612,100.0,08/18/2004
Granger,57612,57612,100.0,08/19/2004
Granger,57612,57612,100.0,08/20/2004
Granger,57612,57612,100.0,08/21/2004
Granger,57612,57612,100.0,08/22/2004
Granger,57612,57612,100.0,08/23/2004
Granger,57612,57612,100.0,08/24/2004
Granger,57612,57612,100.0,08/25/2004
Granger,57612,57612,100.0,08/26/2004
Granger,57612,57612,100.0,08/27/2004
Granger,57612,57612,100.0,08/28/2004
Granger,57612,57612,100.0,08/29/2004
Granger,57612,57612,100.0,08/30/2004
Granger,57612,57612,100.0,08/31/2004
Granger,57612,57612,100.0,09/01/2004
Granger,57612,57612,100.0,09/02/2004
Granger,57612,57612,100.0,09/03/2004
Granger,57612,57612,100.0,09/04/2004
Granger,57612,57612,100.0,09/05/2004
Granger,57612,57612,100.0,09/06/2004
Granger,57612,57612,100.0,09/07/2004
Granger,57612,57612,100.0,09/08/2004
Granger,57612,57612,100.0,09/09/2004
Granger,57612,57612,100.0,09/10/2004
Granger,57612,57612,100.0,09/11/2004
Granger,57612,57612,100.0,09/12/2004
Granger,57612,57612,100.0,09/13/2004
Granger,57612,57612,100.0,09/14/2004
Granger,57612,57612,100.0,09/15/2004
Granger,57612,57612,100.0,09/16/2004
Granger,57612,57612,100.0,09/17/2004
Granger,57612,57612,100.0,09/18/2004
Granger,57612,57612,100.0,09/19/2004
Granger,57612,57612,100.0,09/20/2004
Granger,57612,57612,100.0,09/21/2004
Granger,57612,57612,100.0,09/22/2004
Granger,57612,57612,100.0,09/23/2004
Granger,57612,57612,100.0,09/24/2004
Granger,57612,57612,100.0,09/25/2004
Granger,57612,57612,100.0,09/26/2004
Granger,57612,57612,100.0,09/27/2004
Granger,57612,57612,100.0,09/28/2004
Granger,57612,57612,100.0,09/29/2004
Granger,57612,57612,100.0,09/30/2004
Granger,57612,57612,100.0,10/01/2004
Granger,57612,57612,100.0,10/02/2004
Granger,57612,57612,100.0,10/03/2004
Granger,57612,57612,100.0,10/04/2004
Granger,57612,57612,100.0,10/05/2004
Granger,57612,57612,100.0,10/06/2004
Granger,57612,57612,100.0,10/07/2004
Granger,57612,57612,100.0,10/08/2004
Granger,57612,57612,100.0,10/09/2004
Granger,57612,57612,100.0,10/10/2004
Granger,57612,57612,100.0,10/11/2004
Granger,57612,57612,100.0,10/12/2004
Granger,57612,57612,100.0,10/13/2004
Granger,57612,57612,100.0,10/14/2004
Granger,57612,57612,100.0,10/15/2004
Granger,57612,57612,100.0,10/16/2004
Granger,57612,57612,100.0,10/17/2004
Granger,57612,57612,100.0,10/18/2004
Granger,57612,57612,100.0,10/19/2004
Granger,57612,57612,100.0,10/20/2004
Granger,57612,57612,100.0,10/21/2004
Granger,57612,57612,100.0,10/22/2004
Granger,57612,57612,100.0,10/23/2004
Granger,57612,57612,100.0,10/24/2004
Granger,57612,57612,100.0,10/25/2004
Granger,57612,57612,100.0,10/26/2004
Granger,57612,57612,100.0,10/27/2004
Granger,57612,57612,100.0,10/28/2004
Granger,57612,57612,100.0,10/29/2004
Granger,57612,57612,100.0,10/30/2004
Granger,57612,57612,100.0,10/31/2004
Granger,57612,57612,100.0,11/01/2004
Granger,57612,57612,100.0,11/02/2004
Granger,57612,57612,100.0,11/03/2004
Granger,57612,57612,100.0,11/04/2004
Granger,57612,57612,100.0,11/05/2004
Granger,57612,57612,100.0,11/06/2004
Granger,57612,57612,100.0,11/07/2004
Granger,57612,57612,100.0,11/08/2004
Granger,57612,57612,100.0,11/09/2004
Granger,57612,57612,100.0,11/10/2004
Granger,57612,57612,100.0,11/11/2004
Granger,57612,57612,100.0,11/12/2004
Granger,57612,57612,100.0,11/13/2004
Granger,57612,57612,100.0,11/14/2004
Granger,57612,57612,100.0,11/15/2004
Granger,57612,57612,100.0,11/16/2004
Granger,57612,57612,100.0,11/17/2004
Granger,57612,57612,100.0,11/18/2004
Granger,57612,57612,100.0,11/19/2004
Granger,57612,57612,100.0,11/20/2004
Granger,57612,57612,100.0,11/21/2004
Granger,57612,57612,100.0,11/22/2004
Granger,57612,57612,100.0,11/23/2004
Granger,57612,57612,100.0,11/24/2004
Granger,57612,57612,100.0,11/25/2004
Granger,57612,57612,100.0,11/26/2004
Granger,57612,57612,100.0,11/27/2004
Granger,57612,57612,100.0,11/28/2004
Granger,57612,57612,100.0,11/29/2004
Granger,57612,57612,100.0,11/30/2004
Granger,57612,57612,100.0,12/01/2004
Granger,57612,57612,100.0,12/02/2004
Granger,57612,57612,100.0,12/03/2004
Granger,57612,57612,100.0,12/04/2004
Granger,57612,57612,100.0,12/05/2004
Granger,57612,57612,100.0,12/06/2004
Granger,57612,57612,100.0,12/07/2004
Granger,57612,57612,100.0,12/08/2004
Granger,57612,57612,100.0,12/09/2004
Granger,57612,57612,100.0,12/10/2004
Granger,57612,57612,100.0,12/11/2004
Granger,57612,57612,100.0,12/12/2004
Granger,57612,57612,100.0,12/13/2004
Granger,57612,57612,100.0,12/14/2004
Granger,57612,57612,100.0,12/15/2004
Granger,57612,57612,100.0,12/16/2004
Granger,57612,57612,100.0,12/17/2004
Granger,57612,57612,100.0,12/18/2004
Granger,57612,57612,100.0,12/19/2004
Granger,57612,57612,100.0,12/20/2004
Granger,57612,57612,100.0,12/21/2004
Granger,57612,57612,100.0,12/22/2004
Granger,57612,57612,100.0,12/23/2004
Granger,57612,57612,100.0,12/24/2004
Granger,57612,57612,100.0,12/25/2004
Granger,57612,57612,100.0,12/26/2004
Granger,57612,57612,100.0,12/27/2004
Granger,57612,57612,100.0,12/28/2004
Granger,57612,57612,100.0,12/29/2004
Granger,57612,57612,100.0,12/30/2004
Granger,57612,57612,100.0,12/31/2004
Granger,57612,57612,100.0,01/01/2005
Granger,57612,57612,100.0,01/02/2005
Granger,57612,57612,100.0,01/03/2005
Granger,57612,57612,100.0,01/04/2005
Granger,57612,57612,100.0,01/05/2005
Granger,57612,57612,100.0,01/06/2005
Granger,57612,57612,100.0,01/07/2005
Granger,57612,57612,100.0,01/08/2005
Granger,57612,57612,100.0,01/09/2005
Granger,57612,57612,100.0,01/10/2005
Granger,57345,57612,99.5,01/11/2005
Granger,57612,57612,100.0,01/12/2005
Granger,57612,57612,100.0,01/13/2005
Granger,57612,57612,100.0,01/14/2005
Granger,57612,57612,100.0,01/15/2005
Granger,57612,57612,100.0,01/16/2005
Granger,57612,57612,100.0,01/17/2005
Granger,57612,57612,100.0,01/18/2005
Granger,57612,57612,100.0,01/19/2005
Granger,57612,57612,100.0,01/20/2005
Granger,57612,57612,100.0,01/21/2005
Granger,57612,57612,100.0,01/22/2005
Granger,57612,57612,100.0,01/23/2005
Granger,57612,57612,100.0,01/24/2005
Granger,57612,57612,100.0,01/25/2005
Granger,57612,57612,100.0,01/26/2005
Granger,57612,57612,100.0,01/27/2005
Granger,57612,57612,100.0,01/28/2005
Granger,57612,57612,100.0,01/29/2005
Granger,57612,57612,100.0,01/30/2005
Granger,57612,57612,100.0,01/31/2005
Granger,57612,57612,100.0,02/01/2005
Granger,57612,57612,100.0,02/02/2005
Granger,57612,57612,100.0,02/03/2005
Granger,57612,57612,100.0,02/04/2005
Granger,57612,57612,100.0,02/05/2005
Granger,57612,57612,100.0,02/06/2005
Granger,57612,57612,100.0,02/07/2005
Granger,57612,57612,100.0,02/08/2005
Granger,57612,57612,100.0,02/09/2005
Granger,57612,57612,100.0,02/10/2005
Granger,57612,57612,100.0,02/11/2005
Granger,57612,57612,100.0,02/12/2005
Granger,57612,57612,100.0,02/13/2005
Granger,57612,57612,100.0,02/14/2005
Granger,57612,57612,100.0,02/15/2005
Granger,57612,57612,100.0,02/16/2005
Granger,57612,57612,100.0,02/17/2005
Granger,57612,57612,100.0,02/18/2005
Granger,57612,57612,100.0,02/19/2005
Granger,57612,57612,100.0,02/20/2005
Granger,57612,57612,100.0,02/21/2005
Granger,57612,57612,100.0,02/22/2005
Granger,57612,57612,100.0,02/23/2005
Granger,57612,57612,100.0,02/24/2005
Granger,57612,57612,100.0,02/25/2005
Granger,57612,57612,100.0,02/26/2005
Granger,57612,57612,100.0,02/27/2005
Granger,57612,57612,100.0,02/28/2005
Granger,57612,57612,100.0,03/01/2005
Granger,57612,57612,100.0,03/02/2005
Granger,57612,57612,100.0,03/03/2005
Granger,57612,57612,100.0,03/04/2005
Granger,57612,57612,100.0,03/05/2005
Granger,57612,57612,100.0,03/06/2005
Granger,57612,57612,100.0,03/07/2005
Granger,57612,57612,100.0,03/08/2005
Granger,57612,57612,100.0,03/09/2005
Granger,57612,57612,100.0,03/10/2005
Granger,57612,57612,100.0,03/11/2005
Granger,57612,57612,100.0,03/12/2005
Granger,57612,57612,100.0,03/13/2005
Granger,57612,57612,100.0,03/14/2005
Granger,57612,57612,100.0,03/15/2005
Granger,57612,57612,100.0,03/16/2005
Granger,57612,57612,100.0,03/17/2005
Granger,57612,57612,100.0,03/18/2005
Granger,57612,57612,100.0,03/19/2005
Granger,57612,57612,100.0,03/20/2005
Granger,57612,57612,100.0,03/21/2005
Granger,57612,57612,100.0,03/22/2005
Granger,57612,57612,100.0,03/23/2005
Granger,57612,57612,100.0,03/24/2005
Granger,57612,57612,100.0,03/25/2005
Granger,57612,57612,100.0,03/26/2005
Granger,57612,57612,100.0,03/27/2005
Granger,57612,57612,100.0,03/28/2005
Granger,57612,57612,100.0,03/29/2005
Granger,57612,57612,100.0,03/30/2005
Granger,57612,57612,100.0,03/31/2005
Granger,57612,57612,100.0,04/01/2005
Granger,57612,57612,100.0,04/02/2005
Granger,57612,57612,100.0,04/03/2005
Granger,57612,57612,100.0,04/04/2005
Granger,57612,57612,100.0,04/05/2005
Granger,57612,57612,100.0,04/06/2005
Granger,57612,57612,100.0,04/07/2005
Granger,57612,57612,100.0,04/08/2005
Granger,57612,57612,100.0,04/09/2005
Granger,57612,57612,100.0,04/10/2005
Granger,57612,57612,100.0,04/11/2005
Granger,57612,57612,100.0,04/12/2005
Granger,57612,57612,100.0,04/13/2005
Granger,57612,57612,100.0,04/14/2005
Granger,57612,57612,100.0,04/15/2005
Granger,57612,57612,100.0,04/16/2005
Granger,57612,57612,100.0,04/17/2005
Granger,57612,57612,100.0,04/18/2005
Granger,57612,57612,100.0,04/19/2005
Granger,57612,57612,100.0,04/20/2005
Granger,57612,57612,100.0,04/21/2005
Granger,57612,57612,100.0,04/22/2005
Granger,57612,57612,100.0,04/23/2005
Granger,57612,57612,100.0,04/24/2005
Granger,57612,57612,100.0,04/25/2005
Granger,57612,57612,100.0,04/26/2005
Granger,57612,57612,100.0,04/27/2005
Granger,57612,57612,100.0,04/28/2005
Granger,57612,57612,100.0,04/29/2005
Granger,57612,57612,100.0,04/30/2005
Granger,57612,57612,100.0,05/01/2005
Granger,57612,57612,100.0,05/02/2005
Granger,57612,57612,100.0,05/03/2005
Granger,57612,57612,100.0,05/04/2005
Granger,57612,57612,100.0,05/05/2005
Granger,57612,57612,100.0,05/06/2005
Granger,57612,57612,100.0,05/07/2005
Granger,57612,57612,100.0,05/08/2005
Granger,57612,57612,100.0,05/09/2005
Granger,57612,57612,100.0,05/10/2005
Granger,57612,57612,100.0,05/11/2005
Granger,57612,57612,100.0,05/12/2005
Granger,57612,57612,100.0,05/13/2005
Granger,57612,57612,100.0,05/14/2005
Granger,57612,57612,100.0,05/15/2005
Granger,57612,57612,100.0,05/16/2005
Granger,57612,57612,100.0,05/17/2005
Granger,57612,57612,100.0,05/18/2005
Granger,57612,57612,100.0,05/19/2005
Granger,57612,57612,100.0,05/20/2005
Granger,57612,57612,100.0,05/21/2005
Granger,57612,57612,100.0,05/22/2005
Granger,57612,57612,100.0,05/23/2005
Granger,57612,57612,100.0,05/24/2005
Granger,57612,57612,100.0,05/25/2005
Granger,57612,57612,100.0,05/26/2005
Granger,57612,57612,100.0,05/27/2005
Granger,57612,57612,100.0,05/28/2005
Granger,57612,57612,100.0,05/29/2005
Granger,57612,57612,100.0,05/30/2005
Granger,57612,57612,100.0,05/31/2005
Granger,57612,57612,100.0,06/01/2005
Granger,57612,57612,100.0,06/02/2005
Granger,57612,57612,100.0,06/03/2005
Granger,57612,57612,100.0,06/04/2005
Granger,57612,57612,100.0,06/05/2005
Granger,57612,57612,100.0,06/06/2005
Granger,57612,57612,100.0,06/07/2005
Granger,57612,57612,100.0,06/08/2005
Granger,57612,57612,100.0,06/09/2005
Granger,57612,57612,100.0,06/10/2005
Granger,57612,57612,100.0,06/11/2005
Granger,57612,57612,100.0,06/12/2005
Granger,57612,57612,100.0,06/13/2005
Granger,57612,57612,100.0,06/14/2005
Granger,57612,57612,100.0,06/15/2005
Granger,57612,57612,100.0,06/16/2005
Granger,57612,57612,100.0,06/17/2005
Granger,57612,57612,100.0,06/18/2005
Granger,57612,57612,100.0,06/19/2005
Granger,57612,57612,100.0,06/20/2005
Granger,57612,57612,100.0,06/21/2005
Granger,57612,57612,100.0,06/22/2005
Granger,57612,57612,100.0,06/23/2005
Granger,57612,57612,100.0,06/24/2005
Granger,57612,57612,100.0,06/25/2005
Granger,57612,57612,100.0,06/26/2005
Granger,57612,57612,100.0,06/27/2005
Granger,57612,57612,100.0,06/28/2005
Granger,57612,57612,100.0,06/29/2005
Granger,57612,57612,100.0,06/30/2005
Granger,57612,57612,100.0,07/01/2005
Granger,57612,57612,100.0,07/02/2005
Granger,57612,57612,100.0,07/03/2005
Granger,57612,57612,100.0,07/04/2005
Granger,57612,57612,100.0,07/05/2005
Granger,57612,57612,100.0,07/06/2005
Granger,57612,57612,100.0,07/07/2005
Granger,57612,57612,100.0,07/08/2005
Granger,57612,57612,100.0,07/09/2005
Granger,57612,57612,100.0,07/10/2005
Granger,57612,57612,100.0,07/11/2005
Granger,57523,57612,99.8,07/12/2005
Granger,57479,57612,99.8,07/13/2005
Granger,57390,57612,99.6,07/14/2005
Granger,57345,57612,99.5,07/15/2005
Granger,57301,57612,99.5,07/16/2005
Granger,57301,57612,99.5,07/17/2005
Granger,57256,57612,99.4,07/18/2005
Granger,57256,57612,99.4,07/19/2005
Granger,57256,57612,99.4,07/20/2005
Granger,57256,57612,99.4,07/21/2005
Granger,57212,57612,99.3,07/22/2005
Granger,57167,57612,99.2,07/23/2005
Granger,57256,57612,99.4,07/24/2005
Granger,57256,57612,99.4,07/25/2005
Granger,57167,57612,99.2,07/26/2005
Granger,57123,57612,99.2,07/27/2005
Granger,57256,57612,99.4,07/28/2005
Granger,57301,57612,99.5,07/29/2005
Granger,57301,57612,99.5,07/30/2005
Granger,57167,57612,99.2,07/31/2005
Granger,57123,57612,99.2,08/01/2005
Granger,56989,57612,98.9,08/02/2005
Granger,56900,57612,98.8,08/03/2005
Granger,56856,57612,98.7,08/04/2005
Granger,57345,57612,99.5,08/05/2005
Granger,57568,57612,99.9,08/06/2005
Granger,57612,57612,100.0,08/07/2005
Granger,57612,57612,100.0,08/08/2005
Granger,57612,57612,100.0,08/09/2005
Granger,57612,57612,100.0,08/10/2005
Granger,57612,57612,100.0,08/11/2005
Granger,57612,57612,100.0,08/12/2005
Granger,57612,57612,100.0,08/13/2005
Granger,57612,57612,100.0,08/14/2005
Granger,57612,57612,100.0,08/15/2005
Granger,57612,57612,100.0,08/16/2005
Granger,57612,57612,100.0,08/17/2005
Granger,57612,57612,100.0,08/18/2005
Granger,57612,57612,100.0,08/19/2005
Granger,57612,57612,100.0,08/20/2005
Granger,57612,57612,100.0,08/21/2005
Granger,57612,57612,100.0,08/22/2005
Granger,57612,57612,100.0,08/23/2005
Granger,57612,57612,100.0,08/24/2005
Granger,57612,57612,100.0,08/25/2005
Granger,57612,57612,100.0,08/26/2005
Granger,57612,57612,100.0,08/27/2005
Granger,57612,57612,100.0,08/28/2005
Granger,57612,57612,100.0,08/29/2005
Granger,57612,57612,100.0,08/30/2005
Granger,57612,57612,100.0,08/31/2005
Granger,57612,57612,100.0,09/01/2005
Granger,57612,57612,100.0,09/02/2005
Granger,57612,57612,100.0,09/03/2005
Granger,57612,57612,100.0,09/04/2005
Granger,57612,57612,100.0,09/05/2005
Granger,57612,57612,100.0,09/06/2005
Granger,57612,57612,100.0,09/07/2005
Granger,57612,57612,100.0,09/08/2005
Granger,57612,57612,100.0,09/09/2005
Granger,57612,57612,100.0,09/10/2005
Granger,57612,57612,100.0,09/11/2005
Granger,57612,57612,100.0,09/12/2005
Granger,57612,57612,100.0,09/13/2005
Granger,57612,57612,100.0,09/14/2005
Granger,57612,57612,100.0,09/15/2005
Granger,57612,57612,100.0,09/16/2005
Granger,57612,57612,100.0,09/17/2005
Granger,57612,57612,100.0,09/18/2005
Granger,57612,57612,100.0,09/19/2005
Granger,57612,57612,100.0,09/20/2005
Granger,57612,57612,100.0,09/21/2005
Granger,57612,57612,100.0,09/22/2005
Granger,57612,57612,100.0,09/23/2005
Granger,57479,57612,99.8,09/24/2005
Granger,57390,57612,99.6,09/25/2005
Granger,57345,57612,99.5,09/26/2005
Granger,57301,57612,99.5,09/27/2005
Granger,57256,57612,99.4,09/28/2005
Granger,57167,57612,99.2,09/29/2005
Granger,57123,57612,99.2,09/30/2005
Granger,57078,57612,99.1,10/01/2005
Granger,56989,57612,98.9,10/02/2005
Granger,56989,57612,98.9,10/03/2005
Granger,56989,57612,98.9,10/04/2005
Granger,56945,57612,98.8,10/05/2005
Granger,56900,57612,98.8,10/06/2005
Granger,56767,57612,98.5,10/07/2005
Granger,56589,57612,98.2,10/08/2005
Granger,56589,57612,98.2,10/09/2005
Granger,56767,57612,98.5,10/10/2005
Granger,56900,57612,98.8,10/11/2005
Granger,56989,57612,98.9,10/12/2005
Granger,56989,57612,98.9,10/13/2005
Granger,56989,57612,98.9,10/14/2005
Granger,56989,57612,98.9,10/15/2005
Granger,56989,57612,98.9,10/16/2005
Granger,56989,57612,98.9,10/17/2005
Granger,56989,57612,98.9,10/18/2005
Granger,56945,57612,98.8,10/19/2005
Granger,56856,57612,98.7,10/20/2005
Granger,56856,57612,98.7,10/21/2005
Granger,56811,57612,98.6,10/22/2005
Granger,56722,57612,98.5,10/23/2005
Granger,56589,57612,98.2,10/24/2005
Granger,56500,57612,98.1,10/25/2005
Granger,56456,57612,98.0,10/26/2005
Granger,56367,57612,97.8,10/27/2005
Granger,56322,57612,97.8,10/28/2005
Granger,56322,57612,97.8,10/29/2005
Granger,56322,57612,97.8,10/30/2005
Granger,56456,57612,98.0,10/31/2005
Granger,56589,57612,98.2,11/01/2005
Granger,56589,57612,98.2,11/02/2005
Granger,56589,57612,98.2,11/03/2005
Granger,56589,57612,98.2,11/04/2005
Granger,56589,57612,98.2,11/05/2005
Granger,56589,57612,98.2,11/06/2005
Granger,56589,57612,98.2,11/07/2005
Granger,56589,57612,98.2,11/08/2005
Granger,56633,57612,98.3,11/09/2005
Granger,56589,57612,98.2,11/10/2005
Granger,56589,57612,98.2,11/11/2005
Granger,56633,57612,98.3,11/12/2005
Granger,56678,57612,98.4,11/13/2005
Granger,56678,57612,98.4,11/14/2005
Granger,56678,57612,98.4,11/15/2005
Granger,56500,57612,98.1,11/16/2005
Granger,56411,57612,97.9,11/17/2005
Granger,56322,57612,97.8,11/18/2005
Granger,56322,57612,97.8,11/19/2005
Granger,56322,57612,97.8,11/20/2005
Granger,56322,57612,97.8,11/21/2005
Granger,56322,57612,97.8,11/22/2005
Granger,56322,57612,97.8,11/23/2005
Granger,56322,57612,97.8,11/24/2005
Granger,56322,57612,97.8,11/25/2005
Granger,56456,57612,98.0,11/26/2005
Granger,56633,57612,98.3,11/27/2005
Granger,56589,57612,98.2,11/28/2005
Granger,56500,57612,98.1,11/29/2005
Granger,56500,57612,98.1,11/30/2005
Granger,56456,57612,98.0,12/01/2005
Granger,56456,57612,98.0,12/02/2005
Granger,56544,57612,98.1,12/03/2005
Granger,56456,57612,98.0,12/04/2005
Granger,56411,57612,97.9,12/05/2005
Granger,56367,57612,97.8,12/06/2005
Granger,56411,57612,97.9,12/07/2005
Granger,56456,57612,98.0,12/08/2005
Granger,56367,57612,97.8,12/09/2005
Granger,56367,57612,97.8,12/10/2005
Granger,56456,57612,98.0,12/11/2005
Granger,56456,57612,98.0,12/12/2005
Granger,56500,57612,98.1,12/13/2005
Granger,56544,57612,98.1,12/14/2005
Granger,56589,57612,98.2,12/15/2005
Granger,56589,57612,98.2,12/16/2005
Granger,56589,57612,98.2,12/17/2005
Granger,56589,57612,98.2,12/18/2005
Granger,56589,57612,98.2,12/19/2005
Granger,56544,57612,98.1,12/20/2005
Granger,56589,57612,98.2,12/21/2005
Granger,56678,57612,98.4,12/22/2005
Granger,56722,57612,98.5,12/23/2005
Granger,56767,57612,98.5,12/24/2005
Granger,56722,57612,98.5,12/25/2005
Granger,56767,57612,98.5,12/26/2005
Granger,56811,57612,98.6,12/27/2005
Granger,56811,57612,98.6,12/28/2005
Granger,56811,57612,98.6,12/29/2005
Granger,56811,57612,98.6,12/30/2005
Granger,56811,57612,98.6,12/31/2005
Granger,56945,57612,98.8,01/01/2006
Granger,56900,57612,98.8,01/02/2006
Granger,56900,57612,98.8,01/03/2006
Granger,56900,57612,98.8,01/04/2006
Granger,56900,57612,98.8,01/05/2006
Granger,56811,57612,98.6,01/06/2006
Granger,56856,57612,98.7,01/07/2006
Granger,56856,57612,98.7,01/08/2006
Granger,56856,57612,98.7,01/09/2006
Granger,56811,57612,98.6,01/10/2006
Granger,56811,57612,98.6,01/11/2006
Granger,56856,57612,98.7,01/12/2006
Granger,56811,57612,98.6,01/13/2006
Granger,56811,57612,98.6,01/14/2006
Granger,56811,57612,98.6,01/15/2006
Granger,56811,57612,98.6,01/16/2006
Granger,56856,57612,98.7,01/17/2006
Granger,56811,57612,98.6,01/18/2006
Granger,56811,57612,98.6,01/19/2006
Granger,56722,57612,98.5,01/20/2006
Granger,56678,57612,98.4,01/21/2006
Granger,56767,57612,98.5,01/22/2006
Granger,56811,57612,98.6,01/23/2006
Granger,56811,57612,98.6,01/24/2006
Granger,56811,57612,98.6,01/25/2006
Granger,56811,57612,98.6,01/26/2006
Granger,56811,57612,98.6,01/27/2006
Granger,57301,57612,99.5,01/28/2006
Granger,57612,57612,100.0,01/29/2006
Granger,57612,57612,100.0,01/30/2006
Granger,57612,57612,100.0,01/31/2006
Granger,57612,57612,100.0,02/01/2006
Granger,57612,57612,100.0,02/02/2006
Granger,57612,57612,100.0,02/03/2006
Granger,57612,57612,100.0,02/04/2006
Granger,57612,57612,100.0,02/05/2006
Granger,57612,57612,100.0,02/06/2006
Granger,57612,57612,100.0,02/07/2006
Granger,57612,57612,100.0,02/08/2006
Granger,57612,57612,100.0,02/09/2006
Granger,57612,57612,100.0,02/10/2006
Granger,57612,57612,100.0,02/11/2006
Granger,57612,57612,100.0,02/12/2006
Granger,57612,57612,100.0,02/13/2006
Granger,57612,57612,100.0,02/14/2006
Granger,57612,57612,100.0,02/15/2006
Granger,57612,57612,100.0,02/16/2006
Granger,57612,57612,100.0,02/17/2006
Granger,57612,57612,100.0,02/18/2006
Granger,57612,57612,100.0,02/19/2006
Granger,57612,57612,100.0,02/20/2006
Granger,57612,57612,100.0,02/21/2006
Granger,57612,57612,100.0,02/22/2006
Granger,57612,57612,100.0,02/23/2006
Granger,57612,57612,100.0,02/24/2006
Granger,57612,57612,100.0,02/25/2006
Granger,57612,57612,100.0,02/26/2006
Granger,57612,57612,100.0,02/27/2006
Granger,57612,57612,100.0,02/28/2006
Granger,57612,57612,100.0,03/01/2006
Granger,57612,57612,100.0,03/02/2006
Granger,57612,57612,100.0,03/03/2006
Granger,57612,57612,100.0,03/04/2006
Granger,57612,57612,100.0,03/05/2006
Granger,57612,57612,100.0,03/06/2006
Granger,57612,57612,100.0,03/07/2006
Granger,57612,57612,100.0,03/08/2006
Granger,57612,57612,100.0,03/09/2006
Granger,57523,57612,99.8,03/10/2006
Granger,57434,57612,99.7,03/11/2006
Granger,57345,57612,99.5,03/12/2006
Granger,57212,57612,99.3,03/13/2006
Granger,56900,57612,98.8,03/14/2006
Granger,56633,57612,98.3,03/15/2006
Granger,56367,57612,97.8,03/16/2006
Granger,56144,57612,97.5,03/17/2006
Granger,55877,57612,97.0,03/18/2006
Granger,55744,57612,96.8,03/19/2006
Granger,56322,57612,97.8,03/20/2006
Granger,56233,57612,97.6,03/21/2006
Granger,55966,57612,97.1,03/22/2006
Granger,55744,57612,96.8,03/23/2006
Granger,55477,57612,96.3,03/24/2006
Granger,55299,57612,96.0,03/25/2006
Granger,55077,57612,95.6,03/26/2006
Granger,54854,57612,95.2,03/27/2006
Granger,55121,57612,95.7,03/28/2006
Granger,55388,57612,96.1,03/29/2006
Granger,55388,57612,96.1,03/30/2006
Granger,55432,57612,96.2,03/31/2006
Granger,55521,57612,96.4,04/01/2006
Granger,55566,57612,96.4,04/02/2006
Granger,55566,57612,96.4,04/03/2006
Granger,55566,57612,96.4,04/04/2006
Granger,55566,57612,96.4,04/05/2006
Granger,55566,57612,96.4,04/06/2006
Granger,55610,57612,96.5,04/07/2006
Granger,55521,57612,96.4,04/08/2006
Granger,55432,57612,96.2,04/09/2006
Granger,55388,57612,96.1,04/10/2006
Granger,55121,57612,95.7,04/11/2006
Granger,54899,57612,95.3,04/12/2006
Granger,54676,57612,94.9,04/13/2006
Granger,54454,57612,94.5,04/14/2006
Granger,54232,57612,94.1,04/15/2006
Granger,53965,57612,93.7,04/16/2006
Granger,53742,57612,93.3,04/17/2006
Granger,53520,57612,92.9,04/18/2006
Granger,53253,57612,92.4,04/19/2006
Granger,53075,57612,92.1,04/20/2006
Granger,56322,57612,97.8,04/21/2006
Granger,57078,57612,99.1,04/22/2006
Granger,56945,57612,98.8,04/23/2006
Granger,56767,57612,98.5,04/24/2006
Granger,56589,57612,98.2,04/25/2006
Granger,56278,57612,97.7,04/26/2006
Granger,56055,57612,97.3,04/27/2006
Granger,55788,57612,96.8,04/28/2006
Granger,57345,57612,99.5,04/29/2006
Granger,57612,57612,100.0,04/30/2006
Granger,57612,57612,100.0,05/01/2006
Granger,57612,57612,100.0,05/02/2006
Granger,57612,57612,100.0,05/03/2006
Granger,57612,57612,100.0,05/04/2006
Granger,57612,57612,100.0,05/05/2006
Granger,57612,57612,100.0,05/06/2006
Granger,57612,57612,100.0,05/07/2006
Granger,57612,57612,100.0,05/08/2006
Granger,57612,57612,100.0,05/09/2006
Granger,57612,57612,100.0,05/10/2006
Granger,57612,57612,100.0,05/11/2006
Granger,57612,57612,100.0,05/12/2006
Granger,57612,57612,100.0,05/13/2006
Granger,57612,57612,100.0,05/14/2006
Granger,57612,57612,100.0,05/15/2006
Granger,57612,57612,100.0,05/16/2006
Granger,57612,57612,100.0,05/17/2006
Granger,57612,57612,100.0,05/18/2006
Granger,57612,57612,100.0,05/19/2006
Granger,57612,57612,100.0,05/20/2006
Granger,57612,57612,100.0,05/21/2006
Granger,57523,57612,99.8,05/22/2006
Granger,57479,57612,99.8,05/23/2006
Granger,57256,57612,99.4,05/24/2006
Granger,56989,57612,98.9,05/25/2006
Granger,56678,57612,98.4,05/26/2006
Granger,56322,57612,97.8,05/27/2006
Granger,55922,57612,97.1,05/28/2006
Granger,55566,57612,96.4,05/29/2006
Granger,55299,57612,96.0,05/30/2006
Granger,55255,57612,95.9,05/31/2006
Granger,55299,57612,96.0,06/01/2006
Granger,55299,57612,96.0,06/02/2006
Granger,55344,57612,96.1,06/03/2006
Granger,55299,57612,96.0,06/04/2006
Granger,55299,57612,96.0,06/05/2006
Granger,55255,57612,95.9,06/06/2006
Granger,55121,57612,95.7,06/07/2006
Granger,55032,57612,95.5,06/08/2006
Granger,55032,57612,95.5,06/09/2006
Granger,54943,57612,95.4,06/10/2006
Granger,54810,57612,95.1,06/11/2006
Granger,54676,57612,94.9,06/12/2006
Granger,54587,57612,94.7,06/13/2006
Granger,54454,57612,94.5,06/14/2006
Granger,54365,57612,94.4,06/15/2006
Granger,54187,57612,94.1,06/16/2006
Granger,55166,57612,95.8,06/17/2006
Granger,56500,57612,98.1,06/18/2006
Granger,56633,57612,98.3,06/19/2006
Granger,56589,57612,98.2,06/20/2006
Granger,56500,57612,98.1,06/21/2006
Granger,56411,57612,97.9,06/22/2006
Granger,56367,57612,97.8,06/23/2006
Granger,56367,57612,97.8,06/24/2006
Granger,56278,57612,97.7,06/25/2006
Granger,56189,57612,97.5,06/26/2006
Granger,56100,57612,97.4,06/27/2006
Granger,56011,57612,97.2,06/28/2006
Granger,55833,57612,96.9,06/29/2006
Granger,55744,57612,96.8,06/30/2006
Granger,55655,57612,96.6,07/01/2006
Granger,55610,57612,96.5,07/02/2006
Granger,55610,57612,96.5,07/03/2006
Granger,55566,57612,96.4,07/04/2006
Granger,55521,57612,96.4,07/05/2006
Granger,55566,57612,96.4,07/06/2006
Granger,55521,57612,96.4,07/07/2006
Granger,55477,57612,96.3,07/08/2006
Granger,55388,57612,96.1,07/09/2006
Granger,55344,57612,96.1,07/10/2006
Granger,55210,57612,95.8,07/11/2006
Granger,55077,57612,95.6,07/12/2006
Granger,54988,57612,95.4,07/13/2006
Granger,54899,57612,95.3,07/14/2006
Granger,54765,57612,95.1,07/15/2006
Granger,54721,57612,95.0,07/16/2006
Granger,54676,57612,94.9,07/17/2006
Granger,54498,57612,94.6,07/18/2006
Granger,54409,57612,94.4,07/19/2006
Granger,54276,57612,94.2,07/20/2006
Granger,54187,57612,94.1,07/21/2006
Granger,54098,57612,93.9,07/22/2006
Granger,53965,57612,93.7,07/23/2006
Granger,53831,57612,93.4,07/24/2006
Granger,53698,57612,93.2,07/25/2006
Granger,53564,57612,93.0,07/26/2006
Granger,53431,57612,92.7,07/27/2006
Granger,53253,57612,92.4,07/28/2006
Granger,53075,57612,92.1,07/29/2006
Granger,52897,57612,91.8,07/30/2006
Granger,52719,57612,91.5,07/31/2006
Granger,52541,57612,91.2,08/01/2006
Granger,52319,57612,90.8,08/02/2006
Granger,52141,57612,90.5,08/03/2006
Granger,51963,57612,90.2,08/04/2006
Granger,51785,57612,89.9,08/05/2006
Granger,51607,57612,89.6,08/06/2006
Granger,51429,57612,89.3,08/07/2006
Granger,51251,57612,89.0,08/08/2006
Granger,51162,57612,88.8,08/09/2006
Granger,50984,57612,88.5,08/10/2006
Granger,50851,57612,88.3,08/11/2006
Granger,50629,57612,87.9,08/12/2006
Granger,50406,57612,87.5,08/13/2006
Granger,50228,57612,87.2,08/14/2006
Granger,50006,57612,86.8,08/15/2006
Granger,49828,57612,86.5,08/16/2006
Granger,49695,57612,86.3,08/17/2006
Granger,49472,57612,85.9,08/18/2006
Granger,49294,57612,85.6,08/19/2006
Granger,49116,57612,85.3,08/20/2006
Granger,48938,57612,84.9,08/21/2006
Granger,48760,57612,84.6,08/22/2006
Granger,48538,57612,84.2,08/23/2006
Granger,48360,57612,83.9,08/24/2006
Granger,48138,57612,83.6,08/25/2006
Granger,48004,57612,83.3,08/26/2006
Granger,47826,57612,83.0,08/27/2006
Granger,47693,57612,82.8,08/28/2006
Granger,47648,57612,82.7,08/29/2006
Granger,47560,57612,82.6,08/30/2006
Granger,47471,57612,82.4,08/31/2006
Granger,47293,57612,82.1,09/01/2006
Granger,47070,57612,81.7,09/02/2006
Granger,46892,57612,81.4,09/03/2006
Granger,46714,57612,81.1,09/04/2006
Granger,46625,57612,80.9,09/05/2006
Granger,46492,57612,80.7,09/06/2006
Granger,46270,57612,80.3,09/07/2006
Granger,46136,57612,80.1,09/08/2006
Granger,46003,57612,79.8,09/09/2006
Granger,45825,57612,79.5,09/10/2006
Granger,45691,57612,79.3,09/11/2006
Granger,45736,57612,79.4,09/12/2006
Granger,45825,57612,79.5,09/13/2006
Granger,45691,57612,79.3,09/14/2006
Granger,45602,57612,79.2,09/15/2006
Granger,45558,57612,79.1,09/16/2006
Granger,45602,57612,79.2,09/17/2006
Granger,46803,57612,81.2,09/18/2006
Granger,47026,57612,81.6,09/19/2006
Granger,47026,57612,81.6,09/20/2006
Granger,46981,57612,81.5,09/21/2006
Granger,46892,57612,81.4,09/22/2006
Granger,46803,57612,81.2,09/23/2006
Granger,46714,57612,81.1,09/24/2006
Granger,46625,57612,80.9,09/25/2006
Granger,46492,57612,80.7,09/26/2006
Granger,46492,57612,80.7,09/27/2006
Granger,46314,57612,80.4,09/28/2006
Granger,46225,57612,80.2,09/29/2006
Granger,46136,57612,80.1,09/30/2006
Granger,46092,57612,80.0,10/01/2006
Granger,46003,57612,79.8,10/02/2006
Granger,45958,57612,79.8,10/03/2006
Granger,45869,57612,79.6,10/04/2006
Granger,45825,57612,79.5,10/05/2006
Granger,45736,57612,79.4,10/06/2006
Granger,45647,57612,79.2,10/07/2006
Granger,45558,57612,79.1,10/08/2006
Granger,45469,57612,78.9,10/09/2006
Granger,46581,57612,80.9,10/10/2006
Granger,48182,57612,83.6,10/11/2006
Granger,48360,57612,83.9,10/12/2006
Granger,48271,57612,83.8,10/13/2006
Granger,48227,57612,83.7,10/14/2006
Granger,48227,57612,83.7,10/15/2006
Granger,48405,57612,84.0,10/16/2006
Granger,48494,57612,84.2,10/17/2006
Granger,48538,57612,84.2,10/18/2006
Granger,48894,57612,84.9,10/19/2006
Granger,48805,57612,84.7,10/20/2006
Granger,48805,57612,84.7,10/21/2006
Granger,48672,57612,84.5,10/22/2006
Granger,48627,57612,84.4,10/23/2006
Granger,48627,57612,84.4,10/24/2006
Granger,48938,57612,84.9,10/25/2006
Granger,49872,57612,86.6,10/26/2006
Granger,50050,57612,86.9,10/27/2006
Granger,49961,57612,86.7,10/28/2006
Granger,49961,57612,86.7,10/29/2006
Granger,50006,57612,86.8,10/30/2006
Granger,50006,57612,86.8,10/31/2006
Granger,49961,57612,86.7,11/01/2006
Granger,49917,57612,86.6,11/02/2006
Granger,49872,57612,86.6,11/03/2006
Granger,49828,57612,86.5,11/04/2006
Granger,49872,57612,86.6,11/05/2006
Granger,49961,57612,86.7,11/06/2006
Granger,49961,57612,86.7,11/07/2006
Granger,50006,57612,86.8,11/08/2006
Granger,50050,57612,86.9,11/09/2006
Granger,50095,57612,87.0,11/10/2006
Granger,49961,57612,86.7,11/11/2006
Granger,49961,57612,86.7,11/12/2006
Granger,49961,57612,86.7,11/13/2006
Granger,49961,57612,86.7,11/14/2006
Granger,50006,57612,86.8,11/15/2006
Granger,49739,57612,86.3,11/16/2006
Granger,49695,57612,86.3,11/17/2006
Granger,49695,57612,86.3,11/18/2006
Granger,49695,57612,86.3,11/19/2006
Granger,49650,57612,86.2,11/20/2006
Granger,49650,57612,86.2,11/21/2006
Granger,49606,57612,86.1,11/22/2006
Granger,49606,57612,86.1,11/23/2006
Granger,49606,57612,86.1,11/24/2006
Granger,49606,57612,86.1,11/25/2006
Granger,49650,57612,86.2,11/26/2006
Granger,49695,57612,86.3,11/27/2006
Granger,49695,57612,86.3,11/28/2006
Granger,49739,57612,86.3,11/29/2006
Granger,50095,57612,87.0,11/30/2006
Granger,49917,57612,86.6,12/01/2006
Granger,49872,57612,86.6,12/02/2006
Granger,49828,57612,86.5,12/03/2006
Granger,49828,57612,86.5,12/04/2006
Granger,49828,57612,86.5,12/05/2006
Granger,49828,57612,86.5,12/06/2006
Granger,49739,57612,86.3,12/07/2006
Granger,49695,57612,86.3,12/08/2006
Granger,49695,57612,86.3,12/09/2006
Granger,49695,57612,86.3,12/10/2006
Granger,49784,57612,86.4,12/11/2006
Granger,49828,57612,86.5,12/12/2006
Granger,49828,57612,86.5,12/13/2006
Granger,49872,57612,86.6,12/14/2006
Granger,49917,57612,86.6,12/15/2006
Granger,49961,57612,86.7,12/16/2006
Granger,49961,57612,86.7,12/17/2006
Granger,49961,57612,86.7,12/18/2006
Granger,50050,57612,86.9,12/19/2006
Granger,50139,57612,87.0,12/20/2006
Granger,50139,57612,87.0,12/21/2006
Granger,50139,57612,87.0,12/22/2006
Granger,50184,57612,87.1,12/23/2006
Granger,50851,57612,88.3,12/24/2006
Granger,51474,57612,89.3,12/25/2006
Granger,51563,57612,89.5,12/26/2006
Granger,51607,57612,89.6,12/27/2006
Granger,51607,57612,89.6,12/28/2006
Granger,51874,57612,90.0,12/29/2006
Granger,53787,57612,93.4,12/30/2006
Granger,54454,57612,94.5,12/31/2006
Granger,54543,57612,94.7,01/01/2007
Granger,54632,57612,94.8,01/02/2007
Granger,54765,57612,95.1,01/03/2007
Granger,56500,57612,98.1,01/04/2007
Granger,57523,57612,99.8,01/05/2007
Granger,57612,57612,100.0,01/06/2007
Granger,57612,57612,100.0,01/07/2007
Granger,57612,57612,100.0,01/08/2007
Granger,57612,57612,100.0,01/09/2007
Granger,57612,57612,100.0,01/10/2007
Granger,57612,57612,100.0,01/11/2007
Granger,57612,57612,100.0,01/12/2007
Granger,57612,57612,100.0,01/13/2007
Granger,57612,57612,100.0,01/14/2007
Granger,57612,57612,100.0,01/15/2007
Granger,57612,57612,100.0,01/16/2007
Granger,57612,57612,100.0,01/17/2007
Granger,57612,57612,100.0,01/18/2007
Granger,57612,57612,100.0,01/19/2007
Granger,57612,57612,100.0,01/20/2007
Granger,57612,57612,100.0,01/21/2007
Granger,57612,57612,100.0,01/22/2007
Granger,57612,57612,100.0,01/23/2007
Granger,57612,57612,100.0,01/24/2007
Granger,57612,57612,100.0,01/25/2007
Granger,57612,57612,100.0,01/26/2007
Granger,57612,57612,100.0,01/27/2007
Granger,57612,57612,100.0,01/28/2007
Granger,57612,57612,100.0,01/29/2007
Granger,57612,57612,100.0,01/30/2007
Granger,57612,57612,100.0,01/31/2007
Granger,57612,57612,100.0,02/01/2007
Granger,57612,57612,100.0,02/02/2007
Granger,57612,57612,100.0,02/03/2007
Granger,57612,57612,100.0,02/04/2007
Granger,57612,57612,100.0,02/05/2007
Granger,57612,57612,100.0,02/06/2007
Granger,57612,57612,100.0,02/07/2007
Granger,57612,57612,100.0,02/08/2007
Granger,57612,57612,100.0,02/09/2007
Granger,57612,57612,100.0,02/10/2007
Granger,57612,57612,100.0,02/11/2007
Granger,57612,57612,100.0,02/12/2007
Granger,57612,57612,100.0,02/13/2007
Granger,57612,57612,100.0,02/14/2007
Granger,57612,57612,100.0,02/15/2007
Granger,57612,57612,100.0,02/16/2007
Granger,57612,57612,100.0,02/17/2007
Granger,57612,57612,100.0,02/18/2007
Granger,57612,57612,100.0,02/19/2007
Granger,57612,57612,100.0,02/20/2007
Granger,57612,57612,100.0,02/21/2007
Granger,57612,57612,100.0,02/22/2007
Granger,57612,57612,100.0,02/23/2007
Granger,57612,57612,100.0,02/24/2007
Granger,57612,57612,100.0,02/25/2007
Granger,57612,57612,100.0,02/26/2007
Granger,57612,57612,100.0,02/27/2007
Granger,57612,57612,100.0,02/28/2007
Granger,57612,57612,100.0,03/01/2007
Granger,57612,57612,100.0,03/02/2007
Granger,57612,57612,100.0,03/03/2007
Granger,57612,57612,100.0,03/04/2007
Granger,57612,57612,100.0,03/05/2007
Granger,57612,57612,100.0,03/06/2007
Granger,57612,57612,100.0,03/07/2007
Granger,57612,57612,100.0,03/08/2007
Granger,57612,57612,100.0,03/09/2007
Granger,57612,57612,100.0,03/10/2007
Granger,57612,57612,100.0,03/11/2007
Granger,57612,57612,100.0,03/12/2007
Granger,57612,57612,100.0,03/13/2007
Granger,57612,57612,100.0,03/14/2007
Granger,57612,57612,100.0,03/15/2007
Granger,57612,57612,100.0,03/16/2007
Granger,57612,57612,100.0,03/17/2007
Granger,57612,57612,100.0,03/18/2007
Granger,57612,57612,100.0,03/19/2007
Granger,57612,57612,100.0,03/20/2007
Granger,57612,57612,100.0,03/21/2007
Granger,57612,57612,100.0,03/22/2007
Granger,57612,57612,100.0,03/23/2007
Granger,57612,57612,100.0,03/24/2007
Granger,57612,57612,100.0,03/25/2007
Granger,57612,57612,100.0,03/26/2007
Granger,57612,57612,100.0,03/27/2007
Granger,57612,57612,100.0,03/28/2007
Granger,57612,57612,100.0,03/29/2007
Granger,57612,57612,100.0,03/30/2007
Granger,57612,57612,100.0,03/31/2007
Granger,57612,57612,100.0,04/01/2007
Granger,57612,57612,100.0,04/02/2007
Granger,57612,57612,100.0,04/03/2007
Granger,57612,57612,100.0,04/04/2007
Granger,57612,57612,100.0,04/05/2007
Granger,57612,57612,100.0,04/06/2007
Granger,57612,57612,100.0,04/07/2007
Granger,57612,57612,100.0,04/08/2007
Granger,57612,57612,100.0,04/09/2007
Granger,57612,57612,100.0,04/10/2007
Granger,57612,57612,100.0,04/11/2007
Granger,57612,57612,100.0,04/12/2007
Granger,57612,57612,100.0,04/13/2007
Granger,57612,57612,100.0,04/14/2007
Granger,57612,57612,100.0,04/15/2007
Granger,57612,57612,100.0,04/16/2007
Granger,57612,57612,100.0,04/17/2007
Granger,57612,57612,100.0,04/18/2007
Granger,57612,57612,100.0,04/19/2007
Granger,57612,57612,100.0,04/20/2007
Granger,57612,57612,100.0,04/21/2007
Granger,57612,57612,100.0,04/22/2007
Granger,57612,57612,100.0,04/23/2007
Granger,57612,57612,100.0,04/24/2007
Granger,57612,57612,100.0,04/25/2007
Granger,57612,57612,100.0,04/26/2007
Granger,57612,57612,100.0,04/27/2007
Granger,57612,57612,100.0,04/28/2007
Granger,57612,57612,100.0,04/29/2007
Granger,57612,57612,100.0,04/30/2007
Granger,57612,57612,100.0,05/01/2007
Granger,57612,57612,100.0,05/02/2007
Granger,57612,57612,100.0,05/03/2007
Granger,57612,57612,100.0,05/04/2007
Granger,57612,57612,100.0,05/05/2007
Granger,57612,57612,100.0,05/06/2007
Granger,57612,57612,100.0,05/07/2007
Granger,57612,57612,100.0,05/08/2007
Granger,57612,57612,100.0,05/09/2007
Granger,57612,57612,100.0,05/10/2007
Granger,57612,57612,100.0,05/11/2007
Granger,57612,57612,100.0,05/12/2007
Granger,57612,57612,100.0,05/13/2007
Granger,57612,57612,100.0,05/14/2007
Granger,57612,57612,100.0,05/15/2007
Granger,57612,57612,100.0,05/16/2007
Granger,57612,57612,100.0,05/17/2007
Granger,57612,57612,100.0,05/18/2007
Granger,57612,57612,100.0,05/19/2007
Granger,57612,57612,100.0,05/20/2007
Granger,57612,57612,100.0,05/21/2007
Granger,57612,57612,100.0,05/22/2007
Granger,57612,57612,100.0,05/23/2007
Granger,57612,57612,100.0,05/24/2007
Granger,57612,57612,100.0,05/25/2007
Granger,57612,57612,100.0,05/26/2007
Granger,57612,57612,100.0,05/27/2007
Granger,57612,57612,100.0,05/28/2007
Granger,57612,57612,100.0,05/29/2007
Granger,57612,57612,100.0,05/30/2007
Granger,57612,57612,100.0,05/31/2007
Granger,57612,57612,100.0,06/01/2007
Granger,57612,57612,100.0,06/02/2007
Granger,57612,57612,100.0,06/03/2007
Granger,57612,57612,100.0,06/04/2007
Granger,57612,57612,100.0,06/05/2007
Granger,57612,57612,100.0,06/06/2007
Granger,57612,57612,100.0,06/07/2007
Granger,57612,57612,100.0,06/08/2007
Granger,57612,57612,100.0,06/09/2007
Granger,57612,57612,100.0,06/10/2007
Granger,57612,57612,100.0,06/11/2007
Granger,57612,57612,100.0,06/12/2007
Granger,57612,57612,100.0,06/13/2007
Granger,57612,57612,100.0,06/14/2007
Granger,57612,57612,100.0,06/15/2007
Granger,57612,57612,100.0,06/16/2007
Granger,57612,57612,100.0,06/17/2007
Granger,57612,57612,100.0,06/18/2007
Granger,57612,57612,100.0,06/19/2007
Granger,57612,57612,100.0,06/20/2007
Granger,57612,57612,100.0,06/21/2007
Granger,57612,57612,100.0,06/22/2007
Granger,57612,57612,100.0,06/23/2007
Granger,57612,57612,100.0,06/24/2007
Granger,57612,57612,100.0,06/25/2007
Granger,57612,57612,100.0,06/26/2007
Granger,57612,57612,100.0,06/27/2007
Granger,57612,57612,100.0,06/28/2007
Granger,57612,57612,100.0,06/29/2007
Granger,57612,57612,100.0,06/30/2007
Granger,57612,57612,100.0,07/01/2007
Granger,57612,57612,100.0,07/02/2007
Granger,57612,57612,100.0,07/03/2007
Granger,57612,57612,100.0,07/04/2007
Granger,57612,57612,100.0,07/05/2007
Granger,57612,57612,100.0,07/06/2007
Granger,57612,57612,100.0,07/07/2007
Granger,57612,57612,100.0,07/08/2007
Granger,57612,57612,100.0,07/09/2007
Granger,57612,57612,100.0,07/10/2007
Granger,57612,57612,100.0,07/11/2007
Granger,57612,57612,100.0,07/12/2007
Granger,57612,57612,100.0,07/13/2007
Granger,57612,57612,100.0,07/14/2007
Granger,57612,57612,100.0,07/15/2007
Granger,57612,57612,100.0,07/16/2007
Granger,57612,57612,100.0,07/17/2007
Granger,57612,57612,100.0,07/18/2007
Granger,57612,57612,100.0,07/19/2007
Granger,57612,57612,100.0,07/20/2007
Granger,57612,57612,100.0,07/21/2007
Granger,57612,57612,100.0,07/22/2007
Granger,57612,57612,100.0,07/23/2007
Granger,57612,57612,100.0,07/24/2007
Granger,57612,57612,100.0,07/25/2007
Granger,57612,57612,100.0,07/26/2007
Granger,57612,57612,100.0,07/27/2007
Granger,57612,57612,100.0,07/28/2007
Granger,57612,57612,100.0,07/29/2007
Granger,57612,57612,100.0,07/30/2007
Granger,57612,57612,100.0,07/31/2007
Granger,57612,57612,100.0,08/01/2007
Granger,57612,57612,100.0,08/02/2007
Granger,57612,57612,100.0,08/03/2007
Granger,57612,57612,100.0,08/04/2007
Granger,57612,57612,100.0,08/05/2007
Granger,57612,57612,100.0,08/06/2007
Granger,57612,57612,100.0,08/07/2007
Granger,57612,57612,100.0,08/08/2007
Granger,57612,57612,100.0,08/09/2007
Granger,57612,57612,100.0,08/10/2007
Granger,57612,57612,100.0,08/11/2007
Granger,57612,57612,100.0,08/12/2007
Granger,57612,57612,100.0,08/13/2007
Granger,57612,57612,100.0,08/14/2007
Granger,57612,57612,100.0,08/15/2007
Granger,57612,57612,100.0,08/16/2007
Granger,57612,57612,100.0,08/17/2007
Granger,57612,57612,100.0,08/18/2007
Granger,57612,57612,100.0,08/19/2007
Granger,57612,57612,100.0,08/20/2007
Granger,57612,57612,100.0,08/21/2007
Granger,57612,57612,100.0,08/22/2007
Granger,57612,57612,100.0,08/23/2007
Granger,57612,57612,100.0,08/24/2007
Granger,57612,57612,100.0,08/25/2007
Granger,57612,57612,100.0,08/26/2007
Granger,57612,57612,100.0,08/27/2007
Granger,57612,57612,100.0,08/28/2007
Granger,57612,57612,100.0,08/29/2007
Granger,57612,57612,100.0,08/30/2007
Granger,57612,57612,100.0,08/31/2007
Granger,57612,57612,100.0,09/01/2007
Granger,57612,57612,100.0,09/02/2007
Granger,57612,57612,100.0,09/03/2007
Granger,57612,57612,100.0,09/04/2007
Granger,57612,57612,100.0,09/05/2007
Granger,57612,57612,100.0,09/06/2007
Granger,57612,57612,100.0,09/07/2007
Granger,57612,57612,100.0,09/08/2007
Granger,57612,57612,100.0,09/09/2007
Granger,57612,57612,100.0,09/10/2007
Granger,57612,57612,100.0,09/11/2007
Granger,57612,57612,100.0,09/12/2007
Granger,57612,57612,100.0,09/13/2007
Granger,57612,57612,100.0,09/14/2007
Granger,57612,57612,100.0,09/15/2007
Granger,57612,57612,100.0,09/16/2007
Granger,57612,57612,100.0,09/17/2007
Granger,57612,57612,100.0,09/18/2007
Granger,57612,57612,100.0,09/19/2007
Granger,57612,57612,100.0,09/20/2007
Granger,57612,57612,100.0,09/21/2007
Granger,57612,57612,100.0,09/22/2007
Granger,57612,57612,100.0,09/23/2007
Granger,57612,57612,100.0,09/24/2007
Granger,57612,57612,100.0,09/25/2007
Granger,57612,57612,100.0,09/26/2007
Granger,57612,57612,100.0,09/27/2007
Granger,57612,57612,100.0,09/28/2007
Granger,57612,57612,100.0,09/29/2007
Granger,57612,57612,100.0,09/30/2007
Granger,57612,57612,100.0,10/01/2007
Granger,57612,57612,100.0,10/02/2007
Granger,57612,57612,100.0,10/03/2007
Granger,57612,57612,100.0,10/04/2007
Granger,57612,57612,100.0,10/05/2007
Granger,57612,57612,100.0,10/06/2007
Granger,57612,57612,100.0,10/07/2007
Granger,57612,57612,100.0,10/08/2007
Granger,57612,57612,100.0,10/09/2007
Granger,57612,57612,100.0,10/10/2007
Granger,57612,57612,100.0,10/11/2007
Granger,57612,57612,100.0,10/12/2007
Granger,57612,57612,100.0,10/13/2007
Granger,57612,57612,100.0,10/14/2007
Granger,57612,57612,100.0,10/15/2007
Granger,57612,57612,100.0,10/16/2007
Granger,57612,57612,100.0,10/17/2007
Granger,57612,57612,100.0,10/18/2007
Granger,57612,57612,100.0,10/19/2007
Granger,57612,57612,100.0,10/20/2007
Granger,57612,57612,100.0,10/21/2007
Granger,57612,57612,100.0,10/22/2007
Granger,57612,57612,100.0,10/23/2007
Granger,57612,57612,100.0,10/24/2007
Granger,57612,57612,100.0,10/25/2007
Granger,57612,57612,100.0,10/26/2007
Granger,57612,57612,100.0,10/27/2007
Granger,57612,57612,100.0,10/28/2007
Granger,57612,57612,100.0,10/29/2007
Granger,57612,57612,100.0,10/30/2007
Granger,57612,57612,100.0,10/31/2007
Granger,57612,57612,100.0,11/01/2007
Granger,57612,57612,100.0,11/02/2007
Granger,57612,57612,100.0,11/03/2007
Granger,57612,57612,100.0,11/04/2007
Granger,57612,57612,100.0,11/05/2007
Granger,57612,57612,100.0,11/06/2007
Granger,57612,57612,100.0,11/07/2007
Granger,57612,57612,100.0,11/08/2007
Granger,57612,57612,100.0,11/09/2007
Granger,57612,57612,100.0,11/10/2007
Granger,57612,57612,100.0,11/11/2007
Granger,57612,57612,100.0,11/12/2007
Granger,57612,57612,100.0,11/13/2007
Granger,57612,57612,100.0,11/14/2007
Granger,57612,57612,100.0,11/15/2007
Granger,57612,57612,100.0,11/16/2007
Granger,57612,57612,100.0,11/17/2007
Granger,57612,57612,100.0,11/18/2007
Granger,57612,57612,100.0,11/19/2007
Granger,57612,57612,100.0,11/20/2007
Granger,57612,57612,100.0,11/21/2007
Granger,57612,57612,100.0,11/22/2007
Granger,57612,57612,100.0,11/23/2007
Granger,57612,57612,100.0,11/24/2007
Granger,57612,57612,100.0,11/25/2007
Granger,57612,57612,100.0,11/26/2007
Granger,57612,57612,100.0,11/27/2007
Granger,57612,57612,100.0,11/28/2007
Granger,57612,57612,100.0,11/29/2007
Granger,57612,57612,100.0,11/30/2007
Granger,57612,57612,100.0,12/01/2007
Granger,57612,57612,100.0,12/02/2007
Granger,57612,57612,100.0,12/03/2007
Granger,57612,57612,100.0,12/04/2007
Granger,57612,57612,100.0,12/05/2007
Granger,57612,57612,100.0,12/06/2007
Granger,57612,57612,100.0,12/07/2007
Granger,57612,57612,100.0,12/08/2007
Granger,57612,57612,100.0,12/09/2007
Granger,57612,57612,100.0,12/10/2007
Granger,57612,57612,100.0,12/11/2007
Granger,57612,57612,100.0,12/12/2007
Granger,57612,57612,100.0,12/13/2007
Granger,57612,57612,100.0,12/14/2007
Granger,57612,57612,100.0,12/15/2007
Granger,57612,57612,100.0,12/16/2007
Granger,57612,57612,100.0,12/17/2007
Granger,57612,57612,100.0,12/18/2007
Granger,57612,57612,100.0,12/19/2007
Granger,57612,57612,100.0,12/20/2007
Granger,57612,57612,100.0,12/21/2007
Granger,57612,57612,100.0,12/22/2007
Granger,57612,57612,100.0,12/23/2007
Granger,57612,57612,100.0,12/24/2007
Granger,57612,57612,100.0,12/25/2007
Granger,57612,57612,100.0,12/26/2007
Granger,57612,57612,100.0,12/27/2007
Granger,57612,57612,100.0,12/28/2007
Granger,57612,57612,100.0,12/29/2007
Granger,57612,57612,100.0,12/30/2007
Granger,57612,57612,100.0,12/31/2007
Granger,57612,57612,100.0,01/01/2008
Granger,57612,57612,100.0,01/02/2008
Granger,57612,57612,100.0,01/03/2008
Granger,57612,57612,100.0,01/04/2008
Granger,57612,57612,100.0,01/05/2008
Granger,57612,57612,100.0,01/06/2008
Granger,57612,57612,100.0,01/07/2008
Granger,57612,57612,100.0,01/08/2008
Granger,57612,57612,100.0,01/09/2008
Granger,57612,57612,100.0,01/10/2008
Granger,57612,57612,100.0,01/11/2008
Granger,57612,57612,100.0,01/12/2008
Granger,57612,57612,100.0,01/13/2008
Granger,57612,57612,100.0,01/14/2008
Granger,57612,57612,100.0,01/15/2008
Granger,57612,57612,100.0,01/16/2008
Granger,57612,57612,100.0,01/17/2008
Granger,57612,57612,100.0,01/18/2008
Granger,57612,57612,100.0,01/19/2008
Granger,57612,57612,100.0,01/20/2008
Granger,57612,57612,100.0,01/21/2008
Granger,57612,57612,100.0,01/22/2008
Granger,57612,57612,100.0,01/23/2008
Granger,57612,57612,100.0,01/24/2008
Granger,57612,57612,100.0,01/25/2008
Granger,57612,57612,100.0,01/26/2008
Granger,57612,57612,100.0,01/27/2008
Granger,57612,57612,100.0,01/28/2008
Granger,57612,57612,100.0,01/29/2008
Granger,57612,57612,100.0,01/30/2008
Granger,57612,57612,100.0,01/31/2008
Granger,57612,57612,100.0,02/01/2008
Granger,57612,57612,100.0,02/02/2008
Granger,57612,57612,100.0,02/03/2008
Granger,57612,57612,100.0,02/04/2008
Granger,57612,57612,100.0,02/05/2008
Granger,57612,57612,100.0,02/06/2008
Granger,57612,57612,100.0,02/07/2008
Granger,57612,57612,100.0,02/08/2008
Granger,57612,57612,100.0,02/09/2008
Granger,57612,57612,100.0,02/10/2008
Granger,57612,57612,100.0,02/11/2008
Granger,57612,57612,100.0,02/12/2008
Granger,57612,57612,100.0,02/13/2008
Granger,57612,57612,100.0,02/14/2008
Granger,57612,57612,100.0,02/15/2008
Granger,57612,57612,100.0,02/16/2008
Granger,57612,57612,100.0,02/17/2008
Granger,57612,57612,100.0,02/18/2008
Granger,57612,57612,100.0,02/19/2008
Granger,57612,57612,100.0,02/20/2008
Granger,57612,57612,100.0,02/21/2008
Granger,57612,57612,100.0,02/22/2008
Granger,57612,57612,100.0,02/23/2008
Granger,57612,57612,100.0,02/24/2008
Granger,57612,57612,100.0,02/25/2008
Granger,57612,57612,100.0,02/26/2008
Granger,57612,57612,100.0,02/27/2008
Granger,57612,57612,100.0,02/28/2008
Granger,57612,57612,100.0,02/29/2008
Granger,57612,57612,100.0,03/01/2008
Granger,57612,57612,100.0,03/02/2008
Granger,57612,57612,100.0,03/03/2008
Granger,57612,57612,100.0,03/04/2008
Granger,57612,57612,100.0,03/05/2008
Granger,57612,57612,100.0,03/06/2008
Granger,57612,57612,100.0,03/07/2008
Granger,57612,57612,100.0,03/08/2008
Granger,57612,57612,100.0,03/09/2008
Granger,57612,57612,100.0,03/10/2008
Granger,57612,57612,100.0,03/11/2008
Granger,57612,57612,100.0,03/12/2008
Granger,57612,57612,100.0,03/13/2008
Granger,57612,57612,100.0,03/14/2008
Granger,57612,57612,100.0,03/15/2008
Granger,57612,57612,100.0,03/16/2008
Granger,57612,57612,100.0,03/17/2008
Granger,57612,57612,100.0,03/18/2008
Granger,57612,57612,100.0,03/19/2008
Granger,57612,57612,100.0,03/20/2008
Granger,57612,57612,100.0,03/21/2008
Granger,57612,57612,100.0,03/22/2008
Granger,57612,57612,100.0,03/23/2008
Granger,57612,57612,100.0,03/24/2008
Granger,57612,57612,100.0,03/25/2008
Granger,57612,57612,100.0,03/26/2008
Granger,57612,57612,100.0,03/27/2008
Granger,57612,57612,100.0,03/28/2008
Granger,57612,57612,100.0,03/29/2008
Granger,57612,57612,100.0,03/30/2008
Granger,57612,57612,100.0,03/31/2008
Granger,57612,57612,100.0,04/01/2008
Granger,57612,57612,100.0,04/02/2008
Granger,57612,57612,100.0,04/03/2008
Granger,57612,57612,100.0,04/04/2008
Granger,57612,57612,100.0,04/05/2008
Granger,57612,57612,100.0,04/06/2008
Granger,57612,57612,100.0,04/07/2008
Granger,57612,57612,100.0,04/08/2008
Granger,57612,57612,100.0,04/09/2008
Granger,57612,57612,100.0,04/10/2008
Granger,57612,57612,100.0,04/11/2008
Granger,57612,57612,100.0,04/12/2008
Granger,57612,57612,100.0,04/13/2008
Granger,57612,57612,100.0,04/14/2008
Granger,57612,57612,100.0,04/15/2008
Granger,57612,57612,100.0,04/16/2008
Granger,57612,57612,100.0,04/17/2008
Granger,57612,57612,100.0,04/18/2008
Granger,57612,57612,100.0,04/19/2008
Granger,57612,57612,100.0,04/20/2008
Granger,57612,57612,100.0,04/21/2008
Granger,57612,57612,100.0,04/22/2008
Granger,57612,57612,100.0,04/23/2008
Granger,57612,57612,100.0,04/24/2008
Granger,57612,57612,100.0,04/25/2008
Granger,57612,57612,100.0,04/26/2008
Granger,57612,57612,100.0,04/27/2008
Granger,57612,57612,100.0,04/28/2008
Granger,57612,57612,100.0,04/29/2008
Granger,57612,57612,100.0,04/30/2008
Granger,57612,57612,100.0,05/01/2008
Granger,57612,57612,100.0,05/02/2008
Granger,57612,57612,100.0,05/03/2008
Granger,57612,57612,100.0,05/04/2008
Granger,57612,57612,100.0,05/05/2008
Granger,57612,57612,100.0,05/06/2008
Granger,57612,57612,100.0,05/07/2008
Granger,57612,57612,100.0,05/08/2008
Granger,57612,57612,100.0,05/09/2008
Granger,57612,57612,100.0,05/10/2008
Granger,57612,57612,100.0,05/11/2008
Granger,57612,57612,100.0,05/12/2008
Granger,57612,57612,100.0,05/13/2008
Granger,57612,57612,100.0,05/14/2008
Granger,57612,57612,100.0,05/15/2008
Granger,57612,57612,100.0,05/16/2008
Granger,57612,57612,100.0,05/17/2008
Granger,57612,57612,100.0,05/18/2008
Granger,57612,57612,100.0,05/19/2008
Granger,57612,57612,100.0,05/20/2008
Granger,57612,57612,100.0,05/21/2008
Granger,57612,57612,100.0,05/22/2008
Granger,57612,57612,100.0,05/23/2008
Granger,57612,57612,100.0,05/24/2008
Granger,57612,57612,100.0,05/25/2008
Granger,57612,57612,100.0,05/26/2008
Granger,57612,57612,100.0,05/27/2008
Granger,57612,57612,100.0,05/28/2008
Granger,57612,57612,100.0,05/29/2008
Granger,57612,57612,100.0,05/30/2008
Granger,57612,57612,100.0,05/31/2008
Granger,57612,57612,100.0,06/01/2008
Granger,57612,57612,100.0,06/02/2008
Granger,57612,57612,100.0,06/03/2008
Granger,57612,57612,100.0,06/04/2008
Granger,57612,57612,100.0,06/05/2008
Granger,57612,57612,100.0,06/06/2008
Granger,57612,57612,100.0,06/07/2008
Granger,57612,57612,100.0,06/08/2008
Granger,57612,57612,100.0,06/09/2008
Granger,57612,57612,100.0,06/10/2008
Granger,57612,57612,100.0,06/11/2008
Granger,57612,57612,100.0,06/12/2008
Granger,57612,57612,100.0,06/13/2008
Granger,57612,57612,100.0,06/14/2008
Granger,57612,57612,100.0,06/15/2008
Granger,57612,57612,100.0,06/16/2008
Granger,57612,57612,100.0,06/17/2008
Granger,57612,57612,100.0,06/18/2008
Granger,57568,57612,99.9,06/19/2008
Granger,57434,57612,99.7,06/20/2008
Granger,57301,57612,99.5,06/21/2008
Granger,57123,57612,99.2,06/22/2008
Granger,56989,57612,98.9,06/23/2008
Granger,56900,57612,98.8,06/24/2008
Granger,56811,57612,98.6,06/25/2008
Granger,56633,57612,98.3,06/26/2008
Granger,56500,57612,98.1,06/27/2008
Granger,56367,57612,97.8,06/28/2008
Granger,56233,57612,97.6,06/29/2008
Granger,56233,57612,97.6,06/30/2008
Granger,56144,57612,97.5,07/01/2008
Granger,56100,57612,97.4,07/02/2008
Granger,55966,57612,97.1,07/03/2008
Granger,55833,57612,96.9,07/04/2008
Granger,55744,57612,96.8,07/05/2008
Granger,55610,57612,96.5,07/06/2008
Granger,55477,57612,96.3,07/07/2008
Granger,55521,57612,96.4,07/08/2008
Granger,55744,57612,96.8,07/09/2008
Granger,55699,57612,96.7,07/10/2008
Granger,55566,57612,96.4,07/11/2008
Granger,55432,57612,96.2,07/12/2008
Granger,55255,57612,95.9,07/13/2008
Granger,55077,57612,95.6,07/14/2008
Granger,54943,57612,95.4,07/15/2008
Granger,54765,57612,95.1,07/16/2008
Granger,54676,57612,94.9,07/17/2008
Granger,54498,57612,94.6,07/18/2008
Granger,54276,57612,94.2,07/19/2008
Granger,54143,57612,94.0,07/20/2008
Granger,53965,57612,93.7,07/21/2008
Granger,53787,57612,93.4,07/22/2008
Granger,53564,57612,93.0,07/23/2008
Granger,53431,57612,92.7,07/24/2008
Granger,53431,57612,92.7,07/25/2008
Granger,53297,57612,92.5,07/26/2008
Granger,53120,57612,92.2,07/27/2008
Granger,52942,57612,91.9,07/28/2008
Granger,52719,57612,91.5,07/29/2008
Granger,52541,57612,91.2,07/30/2008
Granger,52363,57612,90.9,07/31/2008
Granger,45917,50779,90.4,08/01/2008
Granger,45764,50779,90.1,08/02/2008
Granger,45612,50779,89.8,08/03/2008
Granger,45422,50779,89.5,08/04/2008
Granger,45346,50779,89.3,08/05/2008
Granger,45270,50779,89.2,08/06/2008
Granger,45195,50779,89.0,08/07/2008
Granger,45082,50779,88.8,08/08/2008
Granger,44968,50779,88.6,08/09/2008
Granger,44855,50779,88.3,08/10/2008
Granger,44705,50779,88.0,08/11/2008
Granger,44667,50779,88.0,08/12/2008
Granger,44592,50779,87.8,08/13/2008
Granger,44517,50779,87.7,08/14/2008
Granger,44442,50779,87.5,08/15/2008
Granger,44330,50779,87.3,08/16/2008
Granger,44255,50779,87.2,08/17/2008
Granger,44180,50779,87.0,08/18/2008
Granger,44218,50779,87.1,08/19/2008
Granger,44517,50779,87.7,08/20/2008
Granger,44517,50779,87.7,08/21/2008
Granger,44517,50779,87.7,08/22/2008
Granger,44405,50779,87.4,08/23/2008
Granger,44367,50779,87.4,08/24/2008
Granger,44330,50779,87.3,08/25/2008
Granger,44292,50779,87.2,08/26/2008
Granger,44218,50779,87.1,08/27/2008
Granger,44143,50779,86.9,08/28/2008
Granger,44031,50779,86.7,08/29/2008
Granger,43994,50779,86.6,08/30/2008
Granger,43882,50779,86.4,08/31/2008
Granger,43808,50779,86.3,09/01/2008
Granger,43734,50779,86.1,09/02/2008
Granger,43585,50779,85.8,09/03/2008
Granger,43437,50779,85.5,09/04/2008
Granger,43363,50779,85.4,09/05/2008
Granger,43253,50779,85.2,09/06/2008
Granger,43142,50779,85.0,09/07/2008
Granger,43068,50779,84.8,09/08/2008
Granger,42995,50779,84.7,09/09/2008
Granger,42958,50779,84.6,09/10/2008
Granger,42884,50779,84.5,09/11/2008
Granger,42811,50779,84.3,09/12/2008
Granger,42811,50779,84.3,09/13/2008
Granger,42664,50779,84.0,09/14/2008
Granger,42482,50779,83.7,09/15/2008
Granger,42372,50779,83.4,09/16/2008
Granger,42299,50779,83.3,09/17/2008
Granger,42227,50779,83.2,09/18/2008
Granger,42155,50779,83.0,09/19/2008
Granger,42082,50779,82.9,09/20/2008
Granger,42046,50779,82.8,09/21/2008
Granger,42010,50779,82.7,09/22/2008
Granger,41938,50779,82.6,09/23/2008
Granger,41867,50779,82.4,09/24/2008
Granger,41831,50779,82.4,09/25/2008
Granger,41725,50779,82.2,09/26/2008
Granger,41654,50779,82.0,09/27/2008
Granger,41583,50779,81.9,09/28/2008
Granger,41513,50779,81.8,09/29/2008
Granger,41442,50779,81.6,09/30/2008
Granger,41337,50779,81.4,10/01/2008
Granger,41266,50779,81.3,10/02/2008
Granger,41196,50779,81.1,10/03/2008
Granger,41091,50779,80.9,10/04/2008
Granger,40986,50779,80.7,10/05/2008
Granger,40916,50779,80.6,10/06/2008
Granger,40881,50779,80.5,10/07/2008
Granger,40776,50779,80.3,10/08/2008
Granger,40707,50779,80.2,10/09/2008
Granger,40637,50779,80.0,10/10/2008
Granger,40602,50779,80.0,10/11/2008
Granger,40498,50779,79.8,10/12/2008
Granger,40429,50779,79.6,10/13/2008
Granger,40394,50779,79.5,10/14/2008
Granger,40463,50779,79.7,10/15/2008
Granger,40429,50779,79.6,10/16/2008
Granger,40394,50779,79.5,10/17/2008
Granger,40360,50779,79.5,10/18/2008
Granger,40290,50779,79.3,10/19/2008
Granger,40221,50779,79.2,10/20/2008
Granger,40187,50779,79.1,10/21/2008
Granger,40152,50779,79.1,10/22/2008
Granger,40015,50779,78.8,10/23/2008
Granger,39980,50779,78.7,10/24/2008
Granger,39877,50779,78.5,10/25/2008
Granger,39842,50779,78.5,10/26/2008
Granger,39705,50779,78.2,10/27/2008
Granger,39637,50779,78.1,10/28/2008
Granger,39569,50779,77.9,10/29/2008
Granger,39534,50779,77.9,10/30/2008
Granger,39466,50779,77.7,10/31/2008
Granger,39466,50779,77.7,11/01/2008
Granger,39432,50779,77.7,11/02/2008
Granger,39364,50779,77.5,11/03/2008
Granger,39364,50779,77.5,11/04/2008
Granger,39364,50779,77.5,11/05/2008
Granger,39262,50779,77.3,11/06/2008
Granger,39194,50779,77.2,11/07/2008
Granger,39126,50779,77.1,11/08/2008
Granger,39058,50779,76.9,11/09/2008
Granger,38957,50779,76.7,11/10/2008
Granger,39024,50779,76.9,11/11/2008
Granger,39058,50779,76.9,11/12/2008
Granger,39024,50779,76.9,11/13/2008
Granger,38991,50779,76.8,11/14/2008
Granger,38855,50779,76.5,11/15/2008
Granger,38754,50779,76.3,11/16/2008
Granger,38720,50779,76.3,11/17/2008
Granger,38653,50779,76.1,11/18/2008
Granger,38653,50779,76.1,11/19/2008
Granger,38586,50779,76.0,11/20/2008
Granger,38485,50779,75.8,11/21/2008
Granger,38451,50779,75.7,11/22/2008
Granger,38451,50779,75.7,11/23/2008
Granger,38451,50779,75.7,11/24/2008
Granger,38385,50779,75.6,11/25/2008
Granger,38351,50779,75.5,11/26/2008
Granger,38351,50779,75.5,11/27/2008
Granger,38351,50779,75.5,11/28/2008
Granger,38351,50779,75.5,11/29/2008
Granger,38351,50779,75.5,11/30/2008
Granger,38217,50779,75.3,12/01/2008
Granger,38184,50779,75.2,12/02/2008
Granger,38184,50779,75.2,12/03/2008
Granger,38017,50779,74.9,12/04/2008
Granger,37951,50779,74.7,12/05/2008
Granger,37951,50779,74.7,12/06/2008
Granger,37951,50779,74.7,12/07/2008
Granger,37951,50779,74.7,12/08/2008
Granger,37951,50779,74.7,12/09/2008
Granger,37951,50779,74.7,12/10/2008
Granger,37884,50779,74.6,12/11/2008
Granger,37851,50779,74.5,12/12/2008
Granger,37884,50779,74.6,12/13/2008
Granger,37884,50779,74.6,12/14/2008
Granger,37817,50779,74.5,12/15/2008
Granger,37751,50779,74.3,12/16/2008
Granger,37751,50779,74.3,12/17/2008
Granger,37751,50779,74.3,12/18/2008
Granger,37784,50779,74.4,12/19/2008
Granger,37851,50779,74.5,12/20/2008
Granger,37718,50779,74.3,12/21/2008
Granger,37685,50779,74.2,12/22/2008
Granger,37718,50779,74.3,12/23/2008
Granger,37751,50779,74.3,12/24/2008
Granger,37751,50779,74.3,12/25/2008
Granger,37784,50779,74.4,12/26/2008
Granger,37851,50779,74.5,12/27/2008
Granger,37784,50779,74.4,12/28/2008
Granger,37751,50779,74.3,12/29/2008
Granger,37751,50779,74.3,12/30/2008
Granger,37751,50779,74.3,12/31/2008
Granger,37751,50779,74.3,01/01/2009
Granger,37751,50779,74.3,01/02/2009
Granger,37784,50779,74.4,01/03/2009
Granger,37751,50779,74.3,01/04/2009
Granger,37751,50779,74.3,01/05/2009
Granger,37817,50779,74.5,01/06/2009
Granger,37851,50779,74.5,01/07/2009
Granger,37784,50779,74.4,01/08/2009
Granger,37884,50779,74.6,01/09/2009
Granger,37817,50779,74.5,01/10/2009
Granger,37751,50779,74.3,01/11/2009
Granger,37751,50779,74.3,01/12/2009
Granger,37718,50779,74.3,01/13/2009
Granger,37685,50779,74.2,01/14/2009
Granger,37652,50779,74.1,01/15/2009
Granger,37652,50779,74.1,01/16/2009
Granger,37652,50779,74.1,01/17/2009
Granger,37652,50779,74.1,01/18/2009
Granger,37586,50779,74.0,01/19/2009
Granger,37553,50779,74.0,01/20/2009
Granger,37553,50779,74.0,01/21/2009
Granger,37553,50779,74.0,01/22/2009
Granger,37553,50779,74.0,01/23/2009
Granger,37486,50779,73.8,01/24/2009
Granger,37454,50779,73.8,01/25/2009
Granger,37454,50779,73.8,01/26/2009
Granger,37454,50779,73.8,01/27/2009
Granger,37454,50779,73.8,01/28/2009
Granger,37421,50779,73.7,01/29/2009
Granger,37388,50779,73.6,01/30/2009
Granger,37388,50779,73.6,01/31/2009
Granger,37421,50779,73.7,02/01/2009
Granger,37355,50779,73.6,02/02/2009
Granger,37355,50779,73.6,02/03/2009
Granger,37355,50779,73.6,02/04/2009
Granger,37355,50779,73.6,02/05/2009
Granger,37355,50779,73.6,02/06/2009
Granger,37355,50779,73.6,02/07/2009
Granger,37355,50779,73.6,02/08/2009
Granger,37486,50779,73.8,02/09/2009
Granger,37685,50779,74.2,02/10/2009
Granger,37851,50779,74.5,02/11/2009
Granger,37817,50779,74.5,02/12/2009
Granger,37851,50779,74.5,02/13/2009
Granger,37817,50779,74.5,02/14/2009
Granger,37751,50779,74.3,02/15/2009
Granger,37751,50779,74.3,02/16/2009
Granger,37751,50779,74.3,02/17/2009
Granger,37784,50779,74.4,02/18/2009
Granger,37751,50779,74.3,02/19/2009
Granger,37751,50779,74.3,02/20/2009
Granger,37718,50779,74.3,02/21/2009
Granger,37619,50779,74.1,02/22/2009
Granger,37586,50779,74.0,02/23/2009
Granger,37586,50779,74.0,02/24/2009
Granger,37553,50779,74.0,02/25/2009
Granger,37619,50779,74.1,02/26/2009
Granger,37619,50779,74.1,02/27/2009
Granger,37486,50779,73.8,02/28/2009
Granger,37388,50779,73.6,03/01/2009
Granger,37355,50779,73.6,03/02/2009
Granger,37322,50779,73.5,03/03/2009
Granger,37289,50779,73.4,03/04/2009
Granger,37322,50779,73.5,03/05/2009
Granger,37289,50779,73.4,03/06/2009
Granger,37289,50779,73.4,03/07/2009
Granger,37256,50779,73.4,03/08/2009
Granger,37256,50779,73.4,03/09/2009
Granger,37223,50779,73.3,03/10/2009
Granger,37256,50779,73.4,03/11/2009
Granger,37520,50779,73.9,03/12/2009
Granger,37784,50779,74.4,03/13/2009
Granger,37951,50779,74.7,03/14/2009
Granger,38017,50779,74.9,03/15/2009
Granger,38050,50779,74.9,03/16/2009
Granger,38117,50779,75.1,03/17/2009
Granger,38150,50779,75.1,03/18/2009
Granger,38150,50779,75.1,03/19/2009
Granger,38117,50779,75.1,03/20/2009
Granger,38117,50779,75.1,03/21/2009
Granger,38117,50779,75.1,03/22/2009
Granger,38150,50779,75.1,03/23/2009
Granger,38150,50779,75.1,03/24/2009
Granger,38184,50779,75.2,03/25/2009
Granger,38351,50779,75.5,03/26/2009
Granger,38385,50779,75.6,03/27/2009
Granger,38351,50779,75.5,03/28/2009
Granger,38251,50779,75.3,03/29/2009
Granger,38251,50779,75.3,03/30/2009
Granger,38217,50779,75.3,03/31/2009
Granger,38150,50779,75.1,04/01/2009
Granger,38251,50779,75.3,04/02/2009
Granger,38150,50779,75.1,04/03/2009
Granger,38150,50779,75.1,04/04/2009
Granger,38117,50779,75.1,04/05/2009
Granger,37984,50779,74.8,04/06/2009
Granger,37917,50779,74.7,04/07/2009
Granger,37917,50779,74.7,04/08/2009
Granger,37884,50779,74.6,04/09/2009
Granger,37817,50779,74.5,04/10/2009
Granger,37751,50779,74.3,04/11/2009
Granger,37817,50779,74.5,04/12/2009
Granger,37817,50779,74.5,04/13/2009
Granger,37751,50779,74.3,04/14/2009
Granger,37718,50779,74.3,04/15/2009
Granger,37652,50779,74.1,04/16/2009
Granger,37884,50779,74.6,04/17/2009
Granger,38318,50779,75.5,04/18/2009
Granger,38552,50779,75.9,04/19/2009
Granger,38552,50779,75.9,04/20/2009
Granger,38619,50779,76.1,04/21/2009
Granger,38619,50779,76.1,04/22/2009
Granger,38552,50779,75.9,04/23/2009
Granger,38552,50779,75.9,04/24/2009
Granger,38552,50779,75.9,04/25/2009
Granger,38552,50779,75.9,04/26/2009
Granger,38991,50779,76.8,04/27/2009
Granger,40498,50779,79.8,04/28/2009
Granger,40776,50779,80.3,04/29/2009
Granger,40916,50779,80.6,04/30/2009
Granger,40986,50779,80.7,05/01/2009
Granger,41056,50779,80.9,05/02/2009
Granger,41091,50779,80.9,05/03/2009
Granger,41091,50779,80.9,05/04/2009
Granger,41091,50779,80.9,05/05/2009
Granger,41126,50779,81.0,05/06/2009
Granger,41126,50779,81.0,05/07/2009
Granger,41161,50779,81.1,05/08/2009
Granger,41126,50779,81.0,05/09/2009
Granger,41126,50779,81.0,05/10/2009
Granger,41056,50779,80.9,05/11/2009
Granger,41021,50779,80.8,05/12/2009
Granger,41021,50779,80.8,05/13/2009
Granger,40916,50779,80.6,05/14/2009
Granger,40881,50779,80.5,05/15/2009
Granger,41690,50779,82.1,05/16/2009
Granger,42774,50779,84.2,05/17/2009
Granger,42738,50779,84.2,05/18/2009
Granger,42738,50779,84.2,05/19/2009
Granger,42738,50779,84.2,05/20/2009
Granger,42701,50779,84.1,05/21/2009
Granger,42664,50779,84.0,05/22/2009
Granger,42628,50779,83.9,05/23/2009
Granger,43105,50779,84.9,05/24/2009
Granger,43622,50779,85.9,05/25/2009
Granger,43622,50779,85.9,05/26/2009
Granger,43622,50779,85.9,05/27/2009
Granger,43585,50779,85.8,05/28/2009
Granger,43511,50779,85.7,05/29/2009
Granger,43437,50779,85.5,05/30/2009
Granger,43400,50779,85.5,05/31/2009
Granger,43326,50779,85.3,06/01/2009
Granger,43253,50779,85.2,06/02/2009
Granger,43216,50779,85.1,06/03/2009
Granger,43142,50779,85.0,06/04/2009
Granger,43031,50779,84.7,06/05/2009
Granger,42995,50779,84.7,06/06/2009
Granger,42921,50779,84.5,06/07/2009
Granger,42811,50779,84.3,06/08/2009
Granger,42738,50779,84.2,06/09/2009
Granger,42664,50779,84.0,06/10/2009
Granger,42591,50779,83.9,06/11/2009
Granger,42518,50779,83.7,06/12/2009
Granger,42409,50779,83.5,06/13/2009
Granger,42299,50779,83.3,06/14/2009
Granger,42227,50779,83.2,06/15/2009
Granger,42082,50779,82.9,06/16/2009
Granger,41974,50779,82.7,06/17/2009
Granger,41867,50779,82.4,06/18/2009
Granger,41760,50779,82.2,06/19/2009
Granger,41619,50779,82.0,06/20/2009
Granger,41513,50779,81.8,06/21/2009
Granger,41442,50779,81.6,06/22/2009
Granger,41337,50779,81.4,06/23/2009
Granger,41231,50779,81.2,06/24/2009
Granger,41126,50779,81.0,06/25/2009
Granger,41021,50779,80.8,06/26/2009
Granger,40916,50779,80.6,06/27/2009
Granger,40811,50779,80.4,06/28/2009
Granger,40672,50779,80.1,06/29/2009
Granger,40602,50779,80.0,06/30/2009
Granger,40567,50779,79.9,07/01/2009
Granger,40463,50779,79.7,07/02/2009
Granger,40394,50779,79.5,07/03/2009
Granger,40290,50779,79.3,07/04/2009
Granger,40152,50779,79.1,07/05/2009
Granger,40049,50779,78.9,07/06/2009
Granger,39980,50779,78.7,07/07/2009
Granger,39911,50779,78.6,07/08/2009
Granger,39808,50779,78.4,07/09/2009
Granger,39671,50779,78.1,07/10/2009
Granger,39534,50779,77.9,07/11/2009
Granger,39432,50779,77.7,07/12/2009
Granger,39330,50779,77.5,07/13/2009
Granger,39194,50779,77.2,07/14/2009
Granger,39024,50779,76.9,07/15/2009
Granger,38923,50779,76.7,07/16/2009
Granger,38788,50779,76.4,07/17/2009
Granger,38687,50779,76.2,07/18/2009
Granger,38586,50779,76.0,07/19/2009
Granger,38519,50779,75.9,07/20/2009
Granger,38418,50779,75.7,07/21/2009
Granger,38318,50779,75.5,07/22/2009
Granger,38184,50779,75.2,07/23/2009
Granger,38117,50779,75.1,07/24/2009
Granger,38017,50779,74.9,07/25/2009
Granger,37917,50779,74.7,07/26/2009
Granger,37817,50779,74.5,07/27/2009
Granger,37685,50779,74.2,07/28/2009
Granger,37553,50779,74.0,07/29/2009
Granger,37685,50779,74.2,07/30/2009
Granger,37751,50779,74.3,07/31/2009
Granger,37718,50779,74.3,08/01/2009
Granger,37619,50779,74.1,08/02/2009
Granger,37553,50779,74.0,08/03/2009
Granger,37454,50779,73.8,08/04/2009
Granger,37355,50779,73.6,08/05/2009
Granger,37256,50779,73.4,08/06/2009
Granger,37157,50779,73.2,08/07/2009
Granger,37026,50779,72.9,08/08/2009
Granger,36928,50779,72.7,08/09/2009
Granger,36830,50779,72.5,08/10/2009
Granger,36733,50779,72.3,08/11/2009
Granger,36602,50779,72.1,08/12/2009
Granger,36570,50779,72.0,08/13/2009
Granger,36505,50779,71.9,08/14/2009
Granger,36408,50779,71.7,08/15/2009
Granger,36278,50779,71.4,08/16/2009
Granger,36181,50779,71.3,08/17/2009
Granger,36117,50779,71.1,08/18/2009
Granger,36084,50779,71.1,08/19/2009
Granger,35988,50779,70.9,08/20/2009
Granger,35859,50779,70.6,08/21/2009
Granger,35763,50779,70.4,08/22/2009
Granger,35699,50779,70.3,08/23/2009
Granger,35571,50779,70.1,08/24/2009
Granger,35475,50779,69.9,08/25/2009
Granger,35412,50779,69.7,08/26/2009
Granger,35316,50779,69.5,08/27/2009
Granger,35412,50779,69.7,08/28/2009
Granger,35316,50779,69.5,08/29/2009
Granger,35189,50779,69.3,08/30/2009
Granger,35094,50779,69.1,08/31/2009
Granger,34999,50779,68.9,09/01/2009
Granger,34936,50779,68.8,09/02/2009
Granger,34873,50779,68.7,09/03/2009
Granger,34747,50779,68.4,09/04/2009
Granger,34653,50779,68.2,09/05/2009
Granger,34621,50779,68.2,09/06/2009
Granger,34559,50779,68.1,09/07/2009
Granger,34465,50779,67.9,09/08/2009
Granger,34402,50779,67.7,09/09/2009
Granger,34340,50779,67.6,09/10/2009
Granger,34968,50779,68.9,09/11/2009
Granger,37984,50779,74.8,09/12/2009
Granger,43216,50779,85.1,09/13/2009
Granger,45422,50779,89.5,09/14/2009
Granger,45650,50779,89.9,09/15/2009
Granger,45726,50779,90.0,09/16/2009
Granger,45726,50779,90.0,09/17/2009
Granger,45726,50779,90.0,09/18/2009
Granger,45726,50779,90.0,09/19/2009
Granger,45726,50779,90.0,09/20/2009
Granger,45726,50779,90.0,09/21/2009
Granger,45955,50779,90.5,09/22/2009
Granger,46108,50779,90.8,09/23/2009
Granger,46185,50779,91.0,09/24/2009
Granger,46261,50779,91.1,09/25/2009
Granger,46300,50779,91.2,09/26/2009
Granger,46338,50779,91.3,09/27/2009
Granger,46300,50779,91.2,09/28/2009
Granger,46376,50779,91.3,09/29/2009
Granger,46762,50779,92.1,09/30/2009
Granger,46955,50779,92.5,10/01/2009
Granger,46994,50779,92.5,10/02/2009
Granger,47033,50779,92.6,10/03/2009
Granger,47305,50779,93.2,10/04/2009
Granger,47695,50779,93.9,10/05/2009
Granger,47969,50779,94.5,10/06/2009
Granger,48047,50779,94.6,10/07/2009
Granger,48165,50779,94.9,10/08/2009
Granger,48719,50779,95.9,10/09/2009
Granger,50779,50779,100.0,10/10/2009
Granger,50779,50779,100.0,10/11/2009
Granger,50779,50779,100.0,10/12/2009
Granger,50779,50779,100.0,10/13/2009
Granger,50779,50779,100.0,10/14/2009
Granger,50779,50779,100.0,10/15/2009
Granger,50779,50779,100.0,10/16/2009
Granger,50779,50779,100.0,10/17/2009
Granger,50779,50779,100.0,10/18/2009
Granger,50779,50779,100.0,10/19/2009
Granger,50779,50779,100.0,10/20/2009
Granger,50779,50779,100.0,10/21/2009
Granger,50779,50779,100.0,10/22/2009
Granger,50779,50779,100.0,10/23/2009
Granger,50779,50779,100.0,10/24/2009
Granger,50779,50779,100.0,10/25/2009
Granger,50779,50779,100.0,10/26/2009
Granger,50779,50779,100.0,10/27/2009
Granger,50779,50779,100.0,10/28/2009
Granger,50779,50779,100.0,10/29/2009
Granger,50779,50779,100.0,10/30/2009
Granger,50779,50779,100.0,10/31/2009
Granger,50779,50779,100.0,11/01/2009
Granger,50779,50779,100.0,11/02/2009
Granger,50779,50779,100.0,11/03/2009
Granger,50779,50779,100.0,11/04/2009
Granger,50779,50779,100.0,11/05/2009
Granger,50779,50779,100.0,11/06/2009
Granger,50779,50779,100.0,11/07/2009
Granger,50779,50779,100.0,11/08/2009
Granger,50779,50779,100.0,11/09/2009
Granger,50779,50779,100.0,11/10/2009
Granger,50779,50779,100.0,11/11/2009
Granger,50779,50779,100.0,11/12/2009
Granger,50779,50779,100.0,11/13/2009
Granger,50779,50779,100.0,11/14/2009
Granger,50779,50779,100.0,11/15/2009
Granger,50779,50779,100.0,11/16/2009
Granger,50779,50779,100.0,11/17/2009
Granger,50779,50779,100.0,11/18/2009
Granger,50779,50779,100.0,11/19/2009
Granger,50779,50779,100.0,11/20/2009
Granger,50779,50779,100.0,11/21/2009
Granger,50779,50779,100.0,11/22/2009
Granger,50779,50779,100.0,11/23/2009
Granger,50779,50779,100.0,11/24/2009
Granger,50779,50779,100.0,11/25/2009
Granger,50779,50779,100.0,11/26/2009
Granger,50779,50779,100.0,11/27/2009
Granger,50779,50779,100.0,11/28/2009
Granger,50779,50779,100.0,11/29/2009
Granger,50779,50779,100.0,11/30/2009
Granger,50779,50779,100.0,12/01/2009
Granger,50779,50779,100.0,12/02/2009
Granger,50779,50779,100.0,12/03/2009
Granger,50779,50779,100.0,12/04/2009
Granger,50779,50779,100.0,12/05/2009
Granger,50779,50779,100.0,12/06/2009
Granger,50779,50779,100.0,12/07/2009
Granger,50779,50779,100.0,12/08/2009
Granger,50779,50779,100.0,12/09/2009
Granger,50779,50779,100.0,12/10/2009
Granger,50779,50779,100.0,12/11/2009
Granger,50779,50779,100.0,12/12/2009
Granger,50779,50779,100.0,12/13/2009
Granger,50779,50779,100.0,12/14/2009
Granger,50779,50779,100.0,12/15/2009
Granger,50779,50779,100.0,12/16/2009
Granger,50779,50779,100.0,12/17/2009
Granger,50779,50779,100.0,12/18/2009
Granger,50779,50779,100.0,12/19/2009
Granger,50779,50779,100.0,12/20/2009
Granger,50779,50779,100.0,12/21/2009
Granger,50779,50779,100.0,12/22/2009
Granger,50779,50779,100.0,12/23/2009
Granger,50779,50779,100.0,12/24/2009
Granger,50779,50779,100.0,12/25/2009
Granger,50779,50779,100.0,12/26/2009
Granger,50779,50779,100.0,12/27/2009
Granger,50779,50779,100.0,12/28/2009
Granger,50779,50779,100.0,12/29/2009
Granger,50779,50779,100.0,12/30/2009
Granger,50779,50779,100.0,12/31/2009
Granger,50779,50779,100.0,01/01/2010
Granger,50779,50779,100.0,01/02/2010
Granger,50779,50779,100.0,01/03/2010
Granger,50779,50779,100.0,01/04/2010
Granger,50779,50779,100.0,01/05/2010
Granger,50779,50779,100.0,01/06/2010
Granger,50779,50779,100.0,01/07/2010
Granger,50779,50779,100.0,01/08/2010
Granger,50779,50779,100.0,01/09/2010
Granger,50779,50779,100.0,01/10/2010
Granger,50779,50779,100.0,01/11/2010
Granger,50779,50779,100.0,01/12/2010
Granger,49759,50779,98.0,01/13/2010
Granger,48758,50779,96.0,01/14/2010
Granger,47929,50779,94.4,01/15/2010
Granger,48442,50779,95.4,01/16/2010
Granger,49517,50779,97.5,01/17/2010
Granger,49117,50779,96.7,01/18/2010
Granger,48521,50779,95.6,01/19/2010
Granger,47421,50779,93.4,01/20/2010
Granger,45536,50779,89.7,01/21/2010
Granger,44106,50779,86.9,01/22/2010
Granger,44330,50779,87.3,01/23/2010
Granger,44742,50779,88.1,01/24/2010
Granger,44554,50779,87.7,01/25/2010
Granger,43548,50779,85.8,01/26/2010
Granger,44255,50779,87.2,01/27/2010
Granger,44630,50779,87.9,01/28/2010
Granger,47773,50779,94.1,01/29/2010
Granger,50779,50779,100.0,01/30/2010
Granger,50779,50779,100.0,01/31/2010
Granger,50779,50779,100.0,02/01/2010
Granger,50779,50779,100.0,02/02/2010
Granger,50779,50779,100.0,02/03/2010
Granger,50779,50779,100.0,02/04/2010
Granger,50779,50779,100.0,02/05/2010
Granger,50779,50779,100.0,02/06/2010
Granger,50779,50779,100.0,02/07/2010
Granger,50779,50779,100.0,02/08/2010
Granger,50779,50779,100.0,02/09/2010
Granger,50779,50779,100.0,02/10/2010
Granger,50779,50779,100.0,02/11/2010
Granger,50779,50779,100.0,02/12/2010
Granger,50779,50779,100.0,02/13/2010
Granger,50779,50779,100.0,02/14/2010
Granger,50779,50779,100.0,02/15/2010
Granger,50779,50779,100.0,02/16/2010
Granger,50779,50779,100.0,02/17/2010
Granger,50779,50779,100.0,02/18/2010
Granger,50779,50779,100.0,02/19/2010
Granger,50779,50779,100.0,02/20/2010
Granger,50779,50779,100.0,02/21/2010
Granger,50779,50779,100.0,02/22/2010
Granger,50779,50779,100.0,02/23/2010
Granger,50779,50779,100.0,02/24/2010
Granger,50779,50779,100.0,02/25/2010
Granger,50779,50779,100.0,02/26/2010
Granger,50779,50779,100.0,02/27/2010
Granger,49037,50779,96.6,02/28/2010
Granger,46994,50779,92.5,03/01/2010
Granger,45460,50779,89.5,03/02/2010
Granger,44180,50779,87.0,03/03/2010
Granger,43474,50779,85.6,03/04/2010
Granger,42884,50779,84.5,03/05/2010
Granger,42664,50779,84.0,03/06/2010
Granger,42445,50779,83.6,03/07/2010
Granger,42409,50779,83.5,03/08/2010
Granger,44893,50779,88.4,03/09/2010
Granger,45044,50779,88.7,03/10/2010
Granger,44330,50779,87.3,03/11/2010
Granger,43326,50779,85.3,03/12/2010
Granger,42811,50779,84.3,03/13/2010
Granger,42445,50779,83.6,03/14/2010
Granger,42263,50779,83.2,03/15/2010
Granger,43142,50779,85.0,03/16/2010
Granger,44705,50779,88.0,03/17/2010
Granger,44818,50779,88.3,03/18/2010
Granger,44068,50779,86.8,03/19/2010
Granger,43771,50779,86.2,03/20/2010
Granger,44630,50779,87.9,03/21/2010
Granger,44180,50779,87.0,03/22/2010
Granger,44106,50779,86.9,03/23/2010
Granger,44031,50779,86.7,03/24/2010
Granger,44367,50779,87.4,03/25/2010
Granger,43919,50779,86.5,03/26/2010
Granger,43696,50779,86.1,03/27/2010
Granger,43400,50779,85.5,03/28/2010
Granger,43031,50779,84.7,03/29/2010
Granger,42774,50779,84.2,03/30/2010
Granger,42445,50779,83.6,03/31/2010
Granger,42482,50779,83.7,04/01/2010
Granger,42555,50779,83.8,04/02/2010
Granger,42628,50779,83.9,04/03/2010
Granger,42664,50779,84.0,04/04/2010
Granger,42738,50779,84.2,04/05/2010
Granger,42848,50779,84.4,04/06/2010
Granger,42958,50779,84.6,04/07/2010
Granger,42958,50779,84.6,04/08/2010
Granger,42958,50779,84.6,04/09/2010
Granger,42958,50779,84.6,04/10/2010
Granger,42958,50779,84.6,04/11/2010
Granger,43068,50779,84.8,04/12/2010
Granger,43068,50779,84.8,04/13/2010
Granger,43068,50779,84.8,04/14/2010
Granger,43068,50779,84.8,04/15/2010
Granger,43105,50779,84.9,04/16/2010
Granger,43216,50779,85.1,04/17/2010
Granger,45384,50779,89.4,04/18/2010
Granger,45879,50779,90.4,04/19/2010
Granger,46070,50779,90.7,04/20/2010
Granger,45006,50779,88.6,04/21/2010
Granger,43474,50779,85.6,04/22/2010
Granger,42336,50779,83.4,04/23/2010
Granger,42046,50779,82.8,04/24/2010
Granger,41690,50779,82.1,04/25/2010
Granger,41372,50779,81.5,04/26/2010
Granger,41407,50779,81.5,04/27/2010
Granger,41796,50779,82.3,04/28/2010
Granger,42155,50779,83.0,04/29/2010
Granger,42409,50779,83.5,04/30/2010
Granger,42701,50779,84.1,05/01/2010
Granger,42995,50779,84.7,05/02/2010
Granger,43253,50779,85.2,05/03/2010
Granger,43474,50779,85.6,05/04/2010
Granger,43696,50779,86.1,05/05/2010
Granger,43882,50779,86.4,05/06/2010
Granger,43994,50779,86.6,05/07/2010
Granger,43994,50779,86.6,05/08/2010
Granger,44068,50779,86.8,05/09/2010
Granger,44255,50779,87.2,05/10/2010
Granger,44367,50779,87.4,05/11/2010
Granger,44405,50779,87.4,05/12/2010
Granger,44218,50779,87.1,05/13/2010
Granger,44068,50779,86.8,05/14/2010
Granger,44143,50779,86.9,05/15/2010
Granger,43957,50779,86.6,05/16/2010
Granger,43808,50779,86.3,05/17/2010
Granger,43548,50779,85.8,05/18/2010
Granger,43363,50779,85.4,05/19/2010
Granger,43179,50779,85.0,05/20/2010
Granger,43216,50779,85.1,05/21/2010
Granger,43216,50779,85.1,05/22/2010
Granger,43216,50779,85.1,05/23/2010
Granger,43216,50779,85.1,05/24/2010
Granger,43179,50779,85.0,05/25/2010
Granger,43179,50779,85.0,05/26/2010
Granger,43179,50779,85.0,05/27/2010
Granger,43179,50779,85.0,05/28/2010
Granger,43142,50779,85.0,05/29/2010
Granger,43179,50779,85.0,05/30/2010
Granger,43105,50779,84.9,05/31/2010
Granger,43068,50779,84.8,06/01/2010
Granger,42995,50779,84.7,06/02/2010
Granger,43179,50779,85.0,06/03/2010
Granger,43216,50779,85.1,06/04/2010
Granger,43216,50779,85.1,06/05/2010
Granger,43216,50779,85.1,06/06/2010
Granger,43179,50779,85.0,06/07/2010
Granger,43105,50779,84.9,06/08/2010
Granger,44405,50779,87.4,06/09/2010
Granger,45803,50779,90.2,06/10/2010
Granger,44780,50779,88.2,06/11/2010
Granger,44143,50779,86.9,06/12/2010
Granger,43548,50779,85.8,06/13/2010
Granger,43031,50779,84.7,06/14/2010
Granger,42884,50779,84.5,06/15/2010
Granger,42884,50779,84.5,06/16/2010
Granger,42811,50779,84.3,06/17/2010
Granger,42738,50779,84.2,06/18/2010
Granger,42664,50779,84.0,06/19/2010
Granger,42591,50779,83.9,06/20/2010
Granger,42445,50779,83.6,06/21/2010
Granger,42445,50779,83.6,06/22/2010
Granger,42445,50779,83.6,06/23/2010
Granger,42445,50779,83.6,06/24/2010
Granger,42482,50779,83.7,06/25/2010
Granger,42482,50779,83.7,06/26/2010
Granger,42445,50779,83.6,06/27/2010
Granger,42445,50779,83.6,06/28/2010
Granger,42445,50779,83.6,06/29/2010
Granger,42445,50779,83.6,06/30/2010
Granger,42445,50779,83.6,07/01/2010
Granger,42628,50779,83.9,07/02/2010
Granger,43031,50779,84.7,07/03/2010
Granger,43289,50779,85.2,07/04/2010
Granger,43363,50779,85.4,07/05/2010
Granger,43437,50779,85.5,07/06/2010
Granger,43474,50779,85.6,07/07/2010
Granger,43585,50779,85.8,07/08/2010
Granger,43882,50779,86.4,07/09/2010
Granger,44031,50779,86.7,07/10/2010
Granger,44180,50779,87.0,07/11/2010
Granger,44218,50779,87.1,07/12/2010
Granger,44218,50779,87.1,07/13/2010
Granger,44180,50779,87.0,07/14/2010
Granger,44106,50779,86.9,07/15/2010
Granger,44031,50779,86.7,07/16/2010
Granger,43957,50779,86.6,07/17/2010
Granger,43882,50779,86.4,07/18/2010
Granger,43808,50779,86.3,07/19/2010
Granger,43734,50779,86.1,07/20/2010
Granger,43622,50779,85.9,07/21/2010
Granger,43548,50779,85.8,07/22/2010
Granger,43474,50779,85.6,07/23/2010
Granger,43363,50779,85.4,07/24/2010
Granger,43289,50779,85.2,07/25/2010
Granger,43216,50779,85.1,07/26/2010
Granger,43253,50779,85.2,07/27/2010
Granger,43511,50779,85.7,07/28/2010
Granger,43548,50779,85.8,07/29/2010
Granger,43511,50779,85.7,07/30/2010
Granger,43400,50779,85.5,07/31/2010
Granger,43289,50779,85.2,08/01/2010
Granger,43142,50779,85.0,08/02/2010
Granger,43105,50779,84.9,08/03/2010
Granger,43068,50779,84.8,08/04/2010
Granger,42995,50779,84.7,08/05/2010
Granger,42958,50779,84.6,08/06/2010
Granger,42884,50779,84.5,08/07/2010
Granger,42848,50779,84.4,08/08/2010
Granger,42738,50779,84.2,08/09/2010
Granger,42664,50779,84.0,08/10/2010
Granger,42628,50779,83.9,08/11/2010
Granger,42591,50779,83.9,08/12/2010
Granger,42518,50779,83.7,08/13/2010
Granger,42445,50779,83.6,08/14/2010
Granger,42372,50779,83.4,08/15/2010
Granger,42299,50779,83.3,08/16/2010
Granger,42227,50779,83.2,08/17/2010
Granger,42191,50779,83.1,08/18/2010
Granger,42227,50779,83.2,08/19/2010
Granger,42191,50779,83.1,08/20/2010
Granger,42046,50779,82.8,08/21/2010
Granger,41974,50779,82.7,08/22/2010
Granger,41867,50779,82.4,08/23/2010
Granger,41796,50779,82.3,08/24/2010
Granger,41654,50779,82.0,08/25/2010
Granger,41583,50779,81.9,08/26/2010
Granger,41478,50779,81.7,08/27/2010
Granger,41407,50779,81.5,08/28/2010
Granger,41337,50779,81.4,08/29/2010
Granger,41231,50779,81.2,08/30/2010
Granger,41161,50779,81.1,08/31/2010
Granger,41161,50779,81.1,09/01/2010
Granger,41126,50779,81.0,09/02/2010
Granger,41231,50779,81.2,09/03/2010
Granger,41196,50779,81.1,09/04/2010
Granger,41161,50779,81.1,09/05/2010
Granger,41091,50779,80.9,09/06/2010
Granger,41266,50779,81.3,09/07/2010
Granger,50779,50779,100.0,09/08/2010
Granger,50779,50779,100.0,09/09/2010
Granger,50779,50779,100.0,09/10/2010
Granger,50779,50779,100.0,09/11/2010
Granger,50779,50779,100.0,09/12/2010
Granger,50779,50779,100.0,09/13/2010
Granger,50779,50779,100.0,09/14/2010
Granger,50779,50779,100.0,09/15/2010
Granger,50779,50779,100.0,09/16/2010
Granger,50779,50779,100.0,09/17/2010
Granger,50779,50779,100.0,09/18/2010
Granger,50779,50779,100.0,09/19/2010
Granger,50779,50779,100.0,09/20/2010
Granger,48442,50779,95.4,09/21/2010
Granger,45764,50779,90.1,09/22/2010
Granger,44031,50779,86.7,09/23/2010
Granger,43216,50779,85.1,09/24/2010
Granger,43105,50779,84.9,09/25/2010
Granger,43031,50779,84.7,09/26/2010
Granger,42884,50779,84.5,09/27/2010
Granger,42921,50779,84.5,09/28/2010
Granger,42884,50779,84.5,09/29/2010
Granger,42958,50779,84.6,09/30/2010
Granger,42995,50779,84.7,10/01/2010
Granger,43031,50779,84.7,10/02/2010
Granger,43031,50779,84.7,10/03/2010
Granger,42995,50779,84.7,10/04/2010
Granger,43068,50779,84.8,10/05/2010
Granger,43068,50779,84.8,10/06/2010
Granger,43105,50779,84.9,10/07/2010
Granger,43105,50779,84.9,10/08/2010
Granger,43179,50779,85.0,10/09/2010
Granger,43216,50779,85.1,10/10/2010
Granger,43216,50779,85.1,10/11/2010
Granger,43216,50779,85.1,10/12/2010
Granger,43216,50779,85.1,10/13/2010
Granger,43216,50779,85.1,10/14/2010
Granger,43179,50779,85.0,10/15/2010
Granger,43179,50779,85.0,10/16/2010
Granger,43179,50779,85.0,10/17/2010
Granger,43179,50779,85.0,10/18/2010
Granger,43179,50779,85.0,10/19/2010
Granger,43179,50779,85.0,10/20/2010
Granger,43179,50779,85.0,10/21/2010
Granger,43216,50779,85.1,10/22/2010
Granger,43216,50779,85.1,10/23/2010
Granger,43326,50779,85.3,10/24/2010
Granger,43363,50779,85.4,10/25/2010
Granger,43253,50779,85.2,10/26/2010
Granger,43253,50779,85.2,10/27/2010
Granger,43105,50779,84.9,10/28/2010
Granger,43031,50779,84.7,10/29/2010
Granger,42995,50779,84.7,10/30/2010
Granger,42884,50779,84.5,10/31/2010
Granger,42884,50779,84.5,11/01/2010
Granger,42958,50779,84.6,11/02/2010
Granger,42995,50779,84.7,11/03/2010
Granger,42921,50779,84.5,11/04/2010
Granger,42884,50779,84.5,11/05/2010
Granger,42811,50779,84.3,11/06/2010
Granger,42774,50779,84.2,11/07/2010
Granger,42774,50779,84.2,11/08/2010
Granger,42811,50779,84.3,11/09/2010
Granger,42848,50779,84.4,11/10/2010
Granger,42884,50779,84.5,11/11/2010
Granger,42921,50779,84.5,11/12/2010
Granger,42884,50779,84.5,11/13/2010
Granger,42884,50779,84.5,11/14/2010
Granger,42884,50779,84.5,11/15/2010
Granger,42921,50779,84.5,11/16/2010
Granger,42921,50779,84.5,11/17/2010
Granger,42884,50779,84.5,11/18/2010
Granger,42884,50779,84.5,11/19/2010
Granger,42884,50779,84.5,11/20/2010
Granger,42958,50779,84.6,11/21/2010
Granger,43031,50779,84.7,11/22/2010
Granger,43068,50779,84.8,11/23/2010
Granger,43142,50779,85.0,11/24/2010
Granger,43142,50779,85.0,11/25/2010
Granger,43031,50779,84.7,11/26/2010
Granger,42995,50779,84.7,11/27/2010
Granger,42995,50779,84.7,11/28/2010
Granger,42995,50779,84.7,11/29/2010
Granger,42995,50779,84.7,11/30/2010
Granger,42921,50779,84.5,12/01/2010
Granger,42884,50779,84.5,12/02/2010
Granger,42921,50779,84.5,12/03/2010
Granger,42884,50779,84.5,12/04/2010
Granger,42884,50779,84.5,12/05/2010
Granger,42884,50779,84.5,12/06/2010
Granger,42884,50779,84.5,12/07/2010
Granger,42848,50779,84.4,12/08/2010
Granger,42848,50779,84.4,12/09/2010
Granger,42848,50779,84.4,12/10/2010
Granger,42884,50779,84.5,12/11/2010
Granger,42811,50779,84.3,12/12/2010
Granger,42774,50779,84.2,12/13/2010
Granger,42848,50779,84.4,12/14/2010
Granger,42995,50779,84.7,12/15/2010
Granger,42995,50779,84.7,12/16/2010
Granger,42995,50779,84.7,12/17/2010
Granger,43031,50779,84.7,12/18/2010
Granger,43105,50779,84.9,12/19/2010
Granger,43179,50779,85.0,12/20/2010
Granger,43289,50779,85.2,12/21/2010
Granger,43326,50779,85.3,12/22/2010
Granger,43326,50779,85.3,12/23/2010
Granger,43548,50779,85.8,12/24/2010
Granger,43808,50779,86.3,12/25/2010
Granger,43882,50779,86.4,12/26/2010
Granger,43994,50779,86.6,12/27/2010
Granger,44031,50779,86.7,12/28/2010
Granger,44180,50779,87.0,12/29/2010
Granger,44292,50779,87.2,12/30/2010
Granger,44405,50779,87.4,12/31/2010
Granger,44405,50779,87.4,01/01/2011
Granger,44442,50779,87.5,01/02/2011
Granger,44479,50779,87.6,01/03/2011
Granger,44554,50779,87.7,01/04/2011
Granger,44667,50779,88.0,01/05/2011
Granger,44667,50779,88.0,01/06/2011
Granger,44742,50779,88.1,01/07/2011
Granger,44780,50779,88.2,01/08/2011
Granger,45270,50779,89.2,01/09/2011
Granger,45650,50779,89.9,01/10/2011
Granger,45764,50779,90.1,01/11/2011
Granger,45803,50779,90.2,01/12/2011
Granger,45879,50779,90.4,01/13/2011
Granger,45955,50779,90.5,01/14/2011
Granger,46108,50779,90.8,01/15/2011
Granger,46800,50779,92.2,01/16/2011
Granger,47421,50779,93.4,01/17/2011
Granger,47655,50779,93.8,01/18/2011
Granger,47773,50779,94.1,01/19/2011
Granger,47890,50779,94.3,01/20/2011
Granger,47929,50779,94.4,01/21/2011
Granger,48047,50779,94.6,01/22/2011
Granger,48126,50779,94.8,01/23/2011
Granger,48205,50779,94.9,01/24/2011
Granger,48284,50779,95.1,01/25/2011
Granger,48362,50779,95.2,01/26/2011
Granger,48442,50779,95.4,01/27/2011
Granger,48521,50779,95.6,01/28/2011
Granger,48600,50779,95.7,01/29/2011
Granger,48719,50779,95.9,01/30/2011
Granger,48798,50779,96.1,01/31/2011
Granger,49037,50779,96.6,02/01/2011
Granger,48957,50779,96.4,02/02/2011
Granger,48957,50779,96.4,02/03/2011
Granger,49077,50779,96.6,02/04/2011
Granger,49157,50779,96.8,02/05/2011
Granger,49277,50779,97.0,02/06/2011
Granger,49317,50779,97.1,02/07/2011
Granger,49317,50779,97.1,02/08/2011
Granger,49517,50779,97.5,02/09/2011
Granger,49557,50779,97.6,02/10/2011
Granger,49557,50779,97.6,02/11/2011
Granger,49638,50779,97.8,02/12/2011
Granger,49759,50779,98.0,02/13/2011
Granger,49800,50779,98.1,02/14/2011
Granger,49921,50779,98.3,02/15/2011
Granger,50043,50779,98.6,02/16/2011
Granger,50165,50779,98.8,02/17/2011
Granger,50287,50779,99.0,02/18/2011
Granger,50327,50779,99.1,02/19/2011
Granger,50491,50779,99.4,02/20/2011
Granger,50532,50779,99.5,02/21/2011
Granger,50532,50779,99.5,02/22/2011
Granger,50656,50779,99.8,02/23/2011
Granger,50779,50779,100.0,02/24/2011
Granger,50779,50779,100.0,02/25/2011
Granger,50779,50779,100.0,02/26/2011
Granger,50779,50779,100.0,02/27/2011
Granger,50779,50779,100.0,02/28/2011
Granger,50779,50779,100.0,03/01/2011
Granger,50779,50779,100.0,03/02/2011
Granger,50779,50779,100.0,03/03/2011
Granger,50779,50779,100.0,03/04/2011
Granger,50779,50779,100.0,03/05/2011
Granger,50779,50779,100.0,03/06/2011
Granger,50779,50779,100.0,03/07/2011
Granger,50779,50779,100.0,03/08/2011
Granger,50779,50779,100.0,03/09/2011
Granger,50779,50779,100.0,03/10/2011
Granger,50779,50779,100.0,03/11/2011
Granger,50779,50779,100.0,03/12/2011
Granger,50779,50779,100.0,03/13/2011
Granger,50779,50779,100.0,03/14/2011
Granger,50779,50779,100.0,03/15/2011
Granger,50779,50779,100.0,03/16/2011
Granger,50779,50779,100.0,03/17/2011
Granger,50779,50779,100.0,03/18/2011
Granger,50779,50779,100.0,03/19/2011
Granger,50779,50779,100.0,03/20/2011
Granger,50779,50779,100.0,03/21/2011
Granger,50779,50779,100.0,03/22/2011
Granger,50779,50779,100.0,03/23/2011
Granger,50779,50779,100.0,03/24/2011
Granger,50779,50779,100.0,03/25/2011
Granger,50779,50779,100.0,03/26/2011
Granger,50779,50779,100.0,03/27/2011
Granger,50779,50779,100.0,03/28/2011
Granger,50779,50779,100.0,03/29/2011
Granger,50779,50779,100.0,03/30/2011
Granger,50779,50779,100.0,03/31/2011
Granger,50779,50779,100.0,04/01/2011
Granger,50779,50779,100.0,04/02/2011
Granger,50779,50779,100.0,04/03/2011
Granger,50779,50779,100.0,04/04/2011
Granger,50779,50779,100.0,04/05/2011
Granger,50779,50779,100.0,04/06/2011
Granger,50779,50779,100.0,04/07/2011
Granger,50779,50779,100.0,04/08/2011
Granger,50779,50779,100.0,04/09/2011
Granger,50779,50779,100.0,04/10/2011
Granger,50779,50779,100.0,04/11/2011
Granger,50779,50779,100.0,04/12/2011
Granger,50779,50779,100.0,04/13/2011
Granger,50779,50779,100.0,04/14/2011
Granger,50779,50779,100.0,04/15/2011
Granger,50656,50779,99.8,04/16/2011
Granger,50614,50779,99.7,04/17/2011
Granger,50532,50779,99.5,04/18/2011
Granger,50532,50779,99.5,04/19/2011
Granger,50532,50779,99.5,04/20/2011
Granger,50491,50779,99.4,04/21/2011
Granger,50491,50779,99.4,04/22/2011
Granger,50450,50779,99.4,04/23/2011
Granger,50327,50779,99.1,04/24/2011
Granger,50327,50779,99.1,04/25/2011
Granger,50287,50779,99.0,04/26/2011
Granger,50205,50779,98.9,04/27/2011
Granger,50043,50779,98.6,04/28/2011
Granger,50002,50779,98.5,04/29/2011
Granger,49880,50779,98.2,04/30/2011
Granger,49800,50779,98.1,05/01/2011
Granger,49598,50779,97.7,05/02/2011
Granger,49557,50779,97.6,05/03/2011
Granger,49517,50779,97.5,05/04/2011
Granger,49437,50779,97.4,05/05/2011
Granger,49397,50779,97.3,05/06/2011
Granger,49317,50779,97.1,05/07/2011
Granger,49277,50779,97.0,05/08/2011
Granger,49197,50779,96.9,05/09/2011
Granger,49077,50779,96.6,05/10/2011
Granger,49077,50779,96.6,05/11/2011
Granger,49157,50779,96.8,05/12/2011
Granger,49317,50779,97.1,05/13/2011
Granger,49277,50779,97.0,05/14/2011
Granger,49157,50779,96.8,05/15/2011
Granger,49077,50779,96.6,05/16/2011
Granger,49037,50779,96.6,05/17/2011
Granger,48957,50779,96.4,05/18/2011
Granger,48838,50779,96.2,05/19/2011
Granger,48798,50779,96.1,05/20/2011
Granger,48798,50779,96.1,05/21/2011
Granger,48758,50779,96.0,05/22/2011
Granger,48719,50779,95.9,05/23/2011
Granger,48600,50779,95.7,05/24/2011
Granger,48481,50779,95.5,05/25/2011
Granger,48362,50779,95.2,05/26/2011
Granger,48244,50779,95.0,05/27/2011
Granger,48087,50779,94.7,05/28/2011
Granger,47969,50779,94.5,05/29/2011
Granger,47812,50779,94.2,05/30/2011
Granger,47655,50779,93.8,05/31/2011
Granger,47616,50779,93.8,06/01/2011
Granger,47538,50779,93.6,06/02/2011
Granger,47382,50779,93.3,06/03/2011
Granger,47227,50779,93.0,06/04/2011
Granger,47188,50779,92.9,06/05/2011
Granger,47071,50779,92.7,06/06/2011
Granger,46955,50779,92.5,06/07/2011
Granger,46878,50779,92.3,06/08/2011
Granger,46723,50779,92.0,06/09/2011
Granger,46608,50779,91.8,06/10/2011
Granger,46492,50779,91.6,06/11/2011
Granger,46338,50779,91.3,06/12/2011
Granger,46261,50779,91.1,06/13/2011
Granger,46108,50779,90.8,06/14/2011
Granger,45993,50779,90.6,06/15/2011
Granger,45841,50779,90.3,06/16/2011
Granger,45726,50779,90.0,06/17/2011
Granger,45536,50779,89.7,06/18/2011
Granger,45384,50779,89.4,06/19/2011
Granger,45195,50779,89.0,06/20/2011
Granger,45044,50779,88.7,06/21/2011
Granger,45233,50779,89.1,06/22/2011
Granger,45195,50779,89.0,06/23/2011
Granger,45119,50779,88.9,06/24/2011
Granger,45044,50779,88.7,06/25/2011
Granger,44930,50779,88.5,06/26/2011
Granger,44818,50779,88.3,06/27/2011
Granger,44667,50779,88.0,06/28/2011
Granger,44554,50779,87.7,06/29/2011
Granger,44442,50779,87.5,06/30/2011
Granger,44330,50779,87.3,07/01/2011
Granger,44218,50779,87.1,07/02/2011
Granger,44106,50779,86.9,07/03/2011
Granger,43994,50779,86.6,07/04/2011
Granger,43845,50779,86.3,07/05/2011
Granger,43696,50779,86.1,07/06/2011
Granger,43548,50779,85.8,07/07/2011
Granger,43474,50779,85.6,07/08/2011
Granger,43289,50779,85.2,07/09/2011
Granger,43179,50779,85.0,07/10/2011
Granger,43068,50779,84.8,07/11/2011
Granger,42921,50779,84.5,07/12/2011
Granger,42811,50779,84.3,07/13/2011
Granger,42664,50779,84.0,07/14/2011
Granger,42555,50779,83.8,07/15/2011
Granger,42445,50779,83.6,07/16/2011
Granger,42336,50779,83.4,07/17/2011
Granger,42227,50779,83.2,07/18/2011
Granger,42155,50779,83.0,07/19/2011
Granger,42082,50779,82.9,07/20/2011
Granger,41974,50779,82.7,07/21/2011
Granger,41831,50779,82.4,07/22/2011
Granger,41690,50779,82.1,07/23/2011
Granger,41583,50779,81.9,07/24/2011
Granger,41442,50779,81.6,07/25/2011
Granger,41337,50779,81.4,07/26/2011
Granger,41196,50779,81.1,07/27/2011
Granger,41056,50779,80.9,07/28/2011
Granger,40916,50779,80.6,07/29/2011
Granger,40811,50779,80.4,07/30/2011
Granger,40742,50779,80.2,07/31/2011
Granger,40637,50779,80.0,08/01/2011
Granger,40498,50779,79.8,08/02/2011
Granger,40360,50779,79.5,08/03/2011
Granger,40256,50779,79.3,08/04/2011
Granger,40118,50779,79.0,08/05/2011
Granger,39980,50779,78.7,08/06/2011
Granger,39842,50779,78.5,08/07/2011
Granger,39671,50779,78.1,08/08/2011
Granger,39534,50779,77.9,08/09/2011
Granger,39398,50779,77.6,08/10/2011
Granger,39228,50779,77.3,08/11/2011
Granger,39126,50779,77.1,08/12/2011
Granger,39024,50779,76.9,08/13/2011
Granger,38889,50779,76.6,08/14/2011
Granger,38821,50779,76.5,08/15/2011
Granger,38687,50779,76.2,08/16/2011
Granger,38552,50779,75.9,08/17/2011
Granger,38451,50779,75.7,08/18/2011
Granger,38318,50779,75.5,08/19/2011
Granger,38184,50779,75.2,08/20/2011
Granger,38050,50779,74.9,08/21/2011
Granger,37951,50779,74.7,08/22/2011
Granger,37851,50779,74.5,08/23/2011
Granger,37718,50779,74.3,08/24/2011
Granger,37652,50779,74.1,08/25/2011
Granger,37553,50779,74.0,08/26/2011
Granger,37486,50779,73.8,08/27/2011
Granger,37355,50779,73.6,08/28/2011
Granger,37256,50779,73.4,08/29/2011
Granger,37157,50779,73.2,08/30/2011
Granger,37026,50779,72.9,08/31/2011
Granger,36896,50779,72.7,09/01/2011
Granger,36798,50779,72.5,09/02/2011
Granger,36667,50779,72.2,09/03/2011
Granger,36440,50779,71.8,09/04/2011
Granger,36213,50779,71.3,09/05/2011
Granger,36084,50779,71.1,09/06/2011
Granger,35956,50779,70.8,09/07/2011
Granger,35859,50779,70.6,09/08/2011
Granger,35763,50779,70.4,09/09/2011
Granger,35667,50779,70.2,09/10/2011
Granger,35571,50779,70.1,09/11/2011
Granger,35507,50779,69.9,09/12/2011
Granger,35412,50779,69.7,09/13/2011
Granger,35316,50779,69.5,09/14/2011
Granger,35189,50779,69.3,09/15/2011
Granger,35126,50779,69.2,09/16/2011
Granger,35031,50779,69.0,09/17/2011
Granger,34968,50779,68.9,09/18/2011
Granger,34873,50779,68.7,09/19/2011
Granger,34779,50779,68.5,09/20/2011
Granger,34716,50779,68.4,09/21/2011
Granger,34590,50779,68.1,09/22/2011
Granger,34496,50779,67.9,09/23/2011
Granger,34402,50779,67.7,09/24/2011
Granger,34340,50779,67.6,09/25/2011
Granger,34215,50779,67.4,09/26/2011
Granger,34184,50779,67.3,09/27/2011
Granger,34122,50779,67.2,09/28/2011
Granger,34060,50779,67.1,09/29/2011
Granger,33905,50779,66.8,09/30/2011
Granger,33781,50779,66.5,10/01/2011
Granger,33688,50779,66.3,10/02/2011
Granger,33596,50779,66.2,10/03/2011
Granger,33504,50779,66.0,10/04/2011
Granger,33443,50779,65.9,10/05/2011
Granger,33350,50779,65.7,10/06/2011
Granger,33259,50779,65.5,10/07/2011
Granger,33198,50779,65.4,10/08/2011
Granger,33443,50779,65.9,10/09/2011
Granger,33565,50779,66.1,10/10/2011
Granger,33504,50779,66.0,10/11/2011
Granger,33350,50779,65.7,10/12/2011
Granger,33320,50779,65.6,10/13/2011
Granger,33259,50779,65.5,10/14/2011
Granger,33198,50779,65.4,10/15/2011
Granger,33137,50779,65.3,10/16/2011
Granger,33106,50779,65.2,10/17/2011
Granger,32924,50779,64.8,10/18/2011
Granger,32803,50779,64.6,10/19/2011
Granger,32742,50779,64.5,10/20/2011
Granger,32651,50779,64.3,10/21/2011
Granger,32591,50779,64.2,10/22/2011
Granger,32561,50779,64.1,10/23/2011
Granger,32501,50779,64.0,10/24/2011
Granger,32471,50779,63.9,10/25/2011
Granger,32381,50779,63.8,10/26/2011
Granger,32291,50779,63.6,10/27/2011
Granger,32141,50779,63.3,10/28/2011
Granger,32081,50779,63.2,10/29/2011
Granger,32022,50779,63.1,10/30/2011
Granger,31992,50779,63.0,10/31/2011
Granger,31933,50779,62.9,11/01/2011
Granger,31873,50779,62.8,11/02/2011
Granger,31695,50779,62.4,11/03/2011
Granger,31636,50779,62.3,11/04/2011
Granger,31607,50779,62.2,11/05/2011
Granger,31548,50779,62.1,11/06/2011
Granger,31548,50779,62.1,11/07/2011
Granger,31548,50779,62.1,11/08/2011
Granger,31459,50779,62.0,11/09/2011
Granger,31401,50779,61.8,11/10/2011
Granger,31371,50779,61.8,11/11/2011
Granger,31283,50779,61.6,11/12/2011
Granger,31283,50779,61.6,11/13/2011
Granger,31254,50779,61.5,11/14/2011
Granger,31283,50779,61.6,11/15/2011
Granger,31371,50779,61.8,11/16/2011
Granger,31342,50779,61.7,11/17/2011
Granger,31342,50779,61.7,11/18/2011
Granger,31313,50779,61.7,11/19/2011
Granger,31313,50779,61.7,11/20/2011
Granger,31313,50779,61.7,11/21/2011
Granger,31518,50779,62.1,11/22/2011
Granger,31577,50779,62.2,11/23/2011
Granger,31607,50779,62.2,11/24/2011
Granger,31607,50779,62.2,11/25/2011
Granger,31843,50779,62.7,11/26/2011
Granger,31843,50779,62.7,11/27/2011
Granger,31784,50779,62.6,11/28/2011
Granger,31784,50779,62.6,11/29/2011
Granger,31814,50779,62.7,11/30/2011
Granger,31784,50779,62.6,12/01/2011
Granger,31843,50779,62.7,12/02/2011
Granger,31903,50779,62.8,12/03/2011
Granger,32111,50779,63.2,12/04/2011
Granger,32501,50779,64.0,12/05/2011
Granger,32591,50779,64.2,12/06/2011
Granger,32651,50779,64.3,12/07/2011
Granger,32651,50779,64.3,12/08/2011
Granger,32651,50779,64.3,12/09/2011
Granger,32651,50779,64.3,12/10/2011
Granger,32651,50779,64.3,12/11/2011
Granger,32651,50779,64.3,12/12/2011
Granger,32682,50779,64.4,12/13/2011
Granger,32772,50779,64.5,12/14/2011
Granger,32894,50779,64.8,12/15/2011
Granger,33106,50779,65.2,12/16/2011
Granger,33167,50779,65.3,12/17/2011
Granger,33198,50779,65.4,12/18/2011
Granger,33259,50779,65.5,12/19/2011
Granger,33381,50779,65.7,12/20/2011
Granger,33381,50779,65.7,12/21/2011
Granger,33688,50779,66.3,12/22/2011
Granger,33781,50779,66.5,12/23/2011
Granger,33843,50779,66.6,12/24/2011
Granger,33966,50779,66.9,12/25/2011
Granger,34029,50779,67.0,12/26/2011
Granger,34029,50779,67.0,12/27/2011
Granger,34091,50779,67.1,12/28/2011
Granger,34122,50779,67.2,12/29/2011
Granger,34122,50779,67.2,12/30/2011
Granger,34184,50779,67.3,12/31/2011
Granger,34153,50779,67.3,01/01/2012
Granger,34122,50779,67.2,01/02/2012
Granger,34184,50779,67.3,01/03/2012
Granger,34153,50779,67.3,01/04/2012
Granger,34184,50779,67.3,01/05/2012
Granger,34215,50779,67.4,01/06/2012
Granger,34215,50779,67.4,01/07/2012
Granger,34215,50779,67.4,01/08/2012
Granger,34465,50779,67.9,01/09/2012
Granger,34621,50779,68.2,01/10/2012
Granger,34684,50779,68.3,01/11/2012
Granger,34621,50779,68.2,01/12/2012
Granger,34653,50779,68.2,01/13/2012
Granger,34653,50779,68.2,01/14/2012
Granger,34684,50779,68.3,01/15/2012
Granger,34716,50779,68.4,01/16/2012
Granger,34747,50779,68.4,01/17/2012
Granger,34747,50779,68.4,01/18/2012
Granger,34779,50779,68.5,01/19/2012
Granger,34810,50779,68.6,01/20/2012
Granger,34810,50779,68.6,01/21/2012
Granger,34873,50779,68.7,01/22/2012
Granger,34873,50779,68.7,01/23/2012
Granger,34905,50779,68.7,01/24/2012
Granger,35956,50779,70.8,01/25/2012
Granger,36667,50779,72.2,01/26/2012
Granger,36830,50779,72.5,01/27/2012
Granger,36830,50779,72.5,01/28/2012
Granger,36896,50779,72.7,01/29/2012
Granger,36896,50779,72.7,01/30/2012
Granger,37092,50779,73.0,01/31/2012
Granger,37157,50779,73.2,02/01/2012
Granger,37190,50779,73.2,02/02/2012
Granger,37289,50779,73.4,02/03/2012
Granger,37553,50779,74.0,02/04/2012
Granger,37586,50779,74.0,02/05/2012
Granger,37586,50779,74.0,02/06/2012
Granger,37652,50779,74.1,02/07/2012
Granger,37652,50779,74.1,02/08/2012
Granger,37685,50779,74.2,02/09/2012
Granger,37685,50779,74.2,02/10/2012
Granger,37685,50779,74.2,02/11/2012
Granger,37685,50779,74.2,02/12/2012
Granger,37751,50779,74.3,02/13/2012
Granger,37851,50779,74.5,02/14/2012
Granger,37884,50779,74.6,02/15/2012
Granger,37917,50779,74.7,02/16/2012
Granger,37984,50779,74.8,02/17/2012
Granger,40533,50779,79.8,02/18/2012
Granger,44143,50779,86.9,02/19/2012
Granger,44893,50779,88.4,02/20/2012
Granger,45195,50779,89.0,02/21/2012
Granger,45460,50779,89.5,02/22/2012
Granger,45574,50779,89.7,02/23/2012
Granger,45574,50779,89.7,02/24/2012
Granger,45650,50779,89.9,02/25/2012
Granger,45803,50779,90.2,02/26/2012
Granger,45803,50779,90.2,02/27/2012
Granger,45955,50779,90.5,02/28/2012
Granger,46031,50779,90.6,02/29/2012
Granger,46185,50779,91.0,03/01/2012
Granger,46261,50779,91.1,03/02/2012
Granger,46261,50779,91.1,03/03/2012
Granger,46300,50779,91.2,03/04/2012
Granger,46338,50779,91.3,03/05/2012
Granger,46376,50779,91.3,03/06/2012
Granger,46415,50779,91.4,03/07/2012
Granger,46530,50779,91.6,03/08/2012
Granger,46608,50779,91.8,03/09/2012
Granger,46878,50779,92.3,03/10/2012
Granger,47538,50779,93.6,03/11/2012
Granger,48008,50779,94.5,03/12/2012
Granger,48205,50779,94.9,03/13/2012
Granger,48362,50779,95.2,03/14/2012
Granger,48521,50779,95.6,03/15/2012
Granger,48639,50779,95.8,03/16/2012
Granger,48758,50779,96.0,03/17/2012
Granger,48878,50779,96.3,03/18/2012
Granger,48997,50779,96.5,03/19/2012
Granger,50779,50779,100.0,03/20/2012
Granger,50779,50779,100.0,03/21/2012
Granger,50779,50779,100.0,03/22/2012
Granger,50779,50779,100.0,03/23/2012
Granger,50779,50779,100.0,03/24/2012
Granger,50779,50779,100.0,03/25/2012
Granger,50779,50779,100.0,03/26/2012
Granger,50779,50779,100.0,03/27/2012
Granger,50779,50779,100.0,03/28/2012
Granger,50779,50779,100.0,03/29/2012
Granger,50779,50779,100.0,03/30/2012
Granger,50779,50779,100.0,03/31/2012
Granger,50779,50779,100.0,04/01/2012
Granger,50779,50779,100.0,04/02/2012
Granger,50779,50779,100.0,04/03/2012
Granger,50779,50779,100.0,04/04/2012
Granger,50779,50779,100.0,04/05/2012
Granger,50779,50779,100.0,04/06/2012
Granger,50779,50779,100.0,04/07/2012
Granger,50779,50779,100.0,04/08/2012
Granger,50779,50779,100.0,04/09/2012
Granger,50779,50779,100.0,04/10/2012
Granger,50779,50779,100.0,04/11/2012
Granger,50779,50779,100.0,04/12/2012
Granger,50779,50779,100.0,04/13/2012
Granger,50779,50779,100.0,04/14/2012
Granger,50779,50779,100.0,04/15/2012
Granger,50779,50779,100.0,04/16/2012
Granger,50779,50779,100.0,04/17/2012
Granger,50779,50779,100.0,04/18/2012
Granger,50779,50779,100.0,04/19/2012
Granger,50779,50779,100.0,04/20/2012
Granger,50779,50779,100.0,04/21/2012
Granger,50779,50779,100.0,04/22/2012
Granger,50779,50779,100.0,04/23/2012
Granger,50779,50779,100.0,04/24/2012
Granger,50779,50779,100.0,04/25/2012
Granger,50779,50779,100.0,04/26/2012
Granger,50779,50779,100.0,04/27/2012
Granger,50779,50779,100.0,04/28/2012
Granger,50779,50779,100.0,04/29/2012
Granger,50779,50779,100.0,04/30/2012
Granger,50779,50779,100.0,05/01/2012
Granger,50779,50779,100.0,05/02/2012
Granger,50779,50779,100.0,05/03/2012
Granger,50779,50779,100.0,05/04/2012
Granger,50779,50779,100.0,05/05/2012
Granger,50779,50779,100.0,05/06/2012
Granger,50779,50779,100.0,05/07/2012
Granger,50779,50779,100.0,05/08/2012
Granger,50779,50779,100.0,05/09/2012
Granger,50779,50779,100.0,05/10/2012
Granger,50779,50779,100.0,05/11/2012
Granger,50779,50779,100.0,05/12/2012
Granger,50779,50779,100.0,05/13/2012
Granger,50779,50779,100.0,05/14/2012
Granger,50779,50779,100.0,05/15/2012
Granger,50779,50779,100.0,05/16/2012
Granger,50779,50779,100.0,05/17/2012
Granger,50779,50779,100.0,05/18/2012
Granger,50779,50779,100.0,05/19/2012
Granger,50779,50779,100.0,05/20/2012
Granger,50779,50779,100.0,05/21/2012
Granger,50779,50779,100.0,05/22/2012
Granger,50779,50779,100.0,05/23/2012
Granger,50779,50779,100.0,05/24/2012
Granger,50779,50779,100.0,05/25/2012
Granger,50779,50779,100.0,05/26/2012
Granger,50779,50779,100.0,05/27/2012
Granger,50779,50779,100.0,05/28/2012
Granger,50779,50779,100.0,05/29/2012
Granger,50779,50779,100.0,05/30/2012
Granger,50779,50779,100.0,05/31/2012
Granger,50779,50779,100.0,06/01/2012
Granger,50779,50779,100.0,06/02/2012
Granger,50779,50779,100.0,06/03/2012
Granger,50779,50779,100.0,06/04/2012
Granger,50779,50779,100.0,06/05/2012
Granger,50779,50779,100.0,06/06/2012
Granger,50779,50779,100.0,06/07/2012
Granger,50779,50779,100.0,06/08/2012
Granger,50779,50779,100.0,06/09/2012
Granger,50779,50779,100.0,06/10/2012
Granger,50779,50779,100.0,06/11/2012
Granger,50779,50779,100.0,06/12/2012
Granger,50697,50779,99.8,06/13/2012
Granger,50656,50779,99.8,06/14/2012
Granger,50532,50779,99.5,06/15/2012
Granger,50450,50779,99.4,06/16/2012
Granger,50327,50779,99.1,06/17/2012
Granger,50246,50779,99.0,06/18/2012
Granger,50124,50779,98.7,06/19/2012
Granger,50043,50779,98.6,06/20/2012
Granger,50002,50779,98.5,06/21/2012
Granger,49921,50779,98.3,06/22/2012
Granger,49840,50779,98.2,06/23/2012
Granger,49759,50779,98.0,06/24/2012
Granger,49638,50779,97.8,06/25/2012
Granger,49557,50779,97.6,06/26/2012
Granger,49437,50779,97.4,06/27/2012
Granger,49277,50779,97.0,06/28/2012
Granger,49117,50779,96.7,06/29/2012
Granger,48997,50779,96.5,06/30/2012
Granger,48838,50779,96.2,07/01/2012
Granger,48798,50779,96.1,07/02/2012
Granger,48639,50779,95.8,07/03/2012
Granger,48560,50779,95.6,07/04/2012
Granger,48402,50779,95.3,07/05/2012
Granger,48323,50779,95.2,07/06/2012
Granger,48165,50779,94.9,07/07/2012
Granger,48126,50779,94.8,07/08/2012
Granger,48165,50779,94.9,07/09/2012
Granger,48362,50779,95.2,07/10/2012
Granger,49317,50779,97.1,07/11/2012
Granger,49517,50779,97.5,07/12/2012
Granger,49517,50779,97.5,07/13/2012
Granger,49557,50779,97.6,07/14/2012
Granger,49517,50779,97.5,07/15/2012
Granger,49557,50779,97.6,07/16/2012
Granger,49557,50779,97.6,07/17/2012
Granger,49557,50779,97.6,07/18/2012
Granger,49557,50779,97.6,07/19/2012
Granger,49477,50779,97.4,07/20/2012
Granger,49397,50779,97.3,07/21/2012
Granger,49317,50779,97.1,07/22/2012
Granger,49237,50779,97.0,07/23/2012
Granger,49117,50779,96.7,07/24/2012
Granger,49077,50779,96.6,07/25/2012
Granger,48957,50779,96.4,07/26/2012
Granger,48838,50779,96.2,07/27/2012
Granger,48758,50779,96.0,07/28/2012
Granger,48639,50779,95.8,07/29/2012
Granger,48560,50779,95.6,07/30/2012
Granger,48442,50779,95.4,07/31/2012
Granger,48362,50779,95.2,08/01/2012
Granger,48205,50779,94.9,08/02/2012
Granger,48087,50779,94.7,08/03/2012
Granger,47929,50779,94.4,08/04/2012
Granger,47812,50779,94.2,08/05/2012
Granger,47695,50779,93.9,08/06/2012
Granger,47616,50779,93.8,08/07/2012
Granger,47460,50779,93.5,08/08/2012
Granger,47382,50779,93.3,08/09/2012
Granger,47227,50779,93.0,08/10/2012
Granger,47149,50779,92.9,08/11/2012
Granger,47033,50779,92.6,08/12/2012
Granger,46878,50779,92.3,08/13/2012
Granger,46723,50779,92.0,08/14/2012
Granger,46608,50779,91.8,08/15/2012
Granger,46453,50779,91.5,08/16/2012
Granger,46300,50779,91.2,08/17/2012
Granger,46300,50779,91.2,08/18/2012
Granger,47071,50779,92.7,08/19/2012
Granger,47616,50779,93.8,08/20/2012
Granger,47577,50779,93.7,08/21/2012
Granger,47538,50779,93.6,08/22/2012
Granger,47460,50779,93.5,08/23/2012
Granger,47421,50779,93.4,08/24/2012
Granger,47382,50779,93.3,08/25/2012
Granger,47266,50779,93.1,08/26/2012
Granger,47188,50779,92.9,08/27/2012
Granger,47149,50779,92.9,08/28/2012
Granger,47033,50779,92.6,08/29/2012
Granger,46916,50779,92.4,08/30/2012
Granger,46839,50779,92.2,08/31/2012
Granger,46723,50779,92.0,09/01/2012
Granger,46646,50779,91.9,09/02/2012
Granger,46530,50779,91.6,09/03/2012
Granger,46453,50779,91.5,09/04/2012
Granger,46300,50779,91.2,09/05/2012
Granger,46223,50779,91.0,09/06/2012
Granger,46108,50779,90.8,09/07/2012
Granger,45917,50779,90.4,09/08/2012
Granger,45764,50779,90.1,09/09/2012
Granger,45650,50779,89.9,09/10/2012
Granger,45536,50779,89.7,09/11/2012
Granger,45422,50779,89.5,09/12/2012
Granger,45384,50779,89.4,09/13/2012
Granger,46108,50779,90.8,09/14/2012
Granger,46646,50779,91.9,09/15/2012
Granger,46878,50779,92.3,09/16/2012
Granger,47188,50779,92.9,09/17/2012
Granger,47305,50779,93.2,09/18/2012
Granger,47305,50779,93.2,09/19/2012
Granger,47305,50779,93.2,09/20/2012
Granger,47305,50779,93.2,09/21/2012
Granger,47266,50779,93.1,09/22/2012
Granger,47266,50779,93.1,09/23/2012
Granger,47227,50779,93.0,09/24/2012
Granger,47188,50779,92.9,09/25/2012
Granger,47149,50779,92.9,09/26/2012
Granger,47071,50779,92.7,09/27/2012
Granger,47071,50779,92.7,09/28/2012
Granger,47266,50779,93.1,09/29/2012
Granger,47421,50779,93.4,09/30/2012
Granger,47421,50779,93.4,10/01/2012
Granger,47421,50779,93.4,10/02/2012
Granger,47382,50779,93.3,10/03/2012
Granger,47305,50779,93.2,10/04/2012
Granger,47343,50779,93.2,10/05/2012
Granger,47266,50779,93.1,10/06/2012
Granger,47149,50779,92.9,10/07/2012
Granger,47071,50779,92.7,10/08/2012
Granger,47071,50779,92.7,10/09/2012
Granger,47033,50779,92.6,10/10/2012
Granger,47071,50779,92.7,10/11/2012
Granger,47188,50779,92.9,10/12/2012
Granger,47227,50779,93.0,10/13/2012
Granger,47460,50779,93.5,10/14/2012
Granger,47499,50779,93.5,10/15/2012
Granger,47499,50779,93.5,10/16/2012
Granger,47538,50779,93.6,10/17/2012
Granger,47460,50779,93.5,10/18/2012
Granger,47421,50779,93.4,10/19/2012
Granger,47421,50779,93.4,10/20/2012
Granger,47421,50779,93.4,10/21/2012
Granger,47382,50779,93.3,10/22/2012
Granger,47382,50779,93.3,10/23/2012
Granger,47382,50779,93.3,10/24/2012
Granger,47382,50779,93.3,10/25/2012
Granger,47343,50779,93.2,10/26/2012
Granger,47227,50779,93.0,10/27/2012
Granger,47149,50779,92.9,10/28/2012
Granger,47110,50779,92.8,10/29/2012
Granger,47110,50779,92.8,10/30/2012
Granger,47071,50779,92.7,10/31/2012
Granger,47033,50779,92.6,11/01/2012
Granger,47071,50779,92.7,11/02/2012
Granger,47033,50779,92.6,11/03/2012
Granger,47033,50779,92.6,11/04/2012
Granger,47033,50779,92.6,11/05/2012
Granger,47033,50779,92.6,11/06/2012
Granger,46955,50779,92.5,11/07/2012
Granger,46955,50779,92.5,11/08/2012
Granger,46916,50779,92.4,11/09/2012
Granger,46916,50779,92.4,11/10/2012
Granger,46916,50779,92.4,11/11/2012
Granger,46762,50779,92.1,11/12/2012
Granger,46685,50779,91.9,11/13/2012
Granger,46685,50779,91.9,11/14/2012
Granger,46646,50779,91.9,11/15/2012
Granger,46569,50779,91.7,11/16/2012
Granger,46530,50779,91.6,11/17/2012
Granger,46492,50779,91.6,11/18/2012
Granger,46453,50779,91.5,11/19/2012
Granger,46453,50779,91.5,11/20/2012
Granger,46453,50779,91.5,11/21/2012
Granger,46453,50779,91.5,11/22/2012
Granger,46453,50779,91.5,11/23/2012
Granger,46415,50779,91.4,11/24/2012
Granger,46415,50779,91.4,11/25/2012
Granger,46338,50779,91.3,11/26/2012
Granger,46338,50779,91.3,11/27/2012
Granger,46338,50779,91.3,11/28/2012
Granger,46338,50779,91.3,11/29/2012
Granger,46338,50779,91.3,11/30/2012
Granger,46376,50779,91.3,12/01/2012
Granger,46376,50779,91.3,12/02/2012
Granger,46376,50779,91.3,12/03/2012
Granger,46415,50779,91.4,12/04/2012
Granger,46376,50779,91.3,12/05/2012
Granger,46376,50779,91.3,12/06/2012
Granger,46376,50779,91.3,12/07/2012
Granger,46415,50779,91.4,12/08/2012
Granger,46453,50779,91.5,12/09/2012
Granger,46338,50779,91.3,12/10/2012
Granger,46261,50779,91.1,12/11/2012
Granger,46261,50779,91.1,12/12/2012
Granger,46223,50779,91.0,12/13/2012
Granger,46223,50779,91.0,12/14/2012
Granger,46223,50779,91.0,12/15/2012
Granger,46300,50779,91.2,12/16/2012
Granger,46376,50779,91.3,12/17/2012
Granger,46338,50779,91.3,12/18/2012
Granger,46376,50779,91.3,12/19/2012
Granger,46338,50779,91.3,12/20/2012
Granger,46223,50779,91.0,12/21/2012
Granger,46223,50779,91.0,12/22/2012
Granger,46223,50779,91.0,12/23/2012
Granger,46185,50779,91.0,12/24/2012
Granger,46223,50779,91.0,12/25/2012
Granger,46108,50779,90.8,12/26/2012
Granger,46031,50779,90.6,12/27/2012
Granger,46031,50779,90.6,12/28/2012
Granger,46031,50779,90.6,12/29/2012
Granger,46031,50779,90.6,12/30/2012
Granger,46031,50779,90.6,12/31/2012
Granger,46108,50779,90.8,01/01/2013
Granger,46070,50779,90.7,01/02/2013
Granger,46070,50779,90.7,01/03/2013
Granger,46108,50779,90.8,01/04/2013
Granger,46223,50779,91.0,01/05/2013
Granger,46261,50779,91.1,01/06/2013
Granger,46261,50779,91.1,01/07/2013
Granger,46338,50779,91.3,01/08/2013
Granger,47734,50779,94.0,01/09/2013
Granger,49557,50779,97.6,01/10/2013
Granger,49921,50779,98.3,01/11/2013
Granger,50083,50779,98.6,01/12/2013
Granger,50165,50779,98.8,01/13/2013
Granger,50165,50779,98.8,01/14/2013
Granger,50246,50779,99.0,01/15/2013
Granger,50287,50779,99.0,01/16/2013
Granger,50287,50779,99.0,01/17/2013
Granger,50287,50779,99.0,01/18/2013
Granger,50409,50779,99.3,01/19/2013
Granger,50450,50779,99.4,01/20/2013
Granger,50491,50779,99.4,01/21/2013
Granger,50532,50779,99.5,01/22/2013
Granger,50614,50779,99.7,01/23/2013
Granger,50697,50779,99.8,01/24/2013
Granger,50779,50779,100.0,01/25/2013
Granger,50779,50779,100.0,01/26/2013
Granger,50779,50779,100.0,01/27/2013
Granger,50779,50779,100.0,01/28/2013
Granger,50779,50779,100.0,01/29/2013
Granger,50779,50779,100.0,01/30/2013
Granger,50779,50779,100.0,01/31/2013
Granger,50779,50779,100.0,02/01/2013
Granger,50779,50779,100.0,02/02/2013
Granger,50779,50779,100.0,02/03/2013
Granger,50779,50779,100.0,02/04/2013
Granger,50779,50779,100.0,02/05/2013
Granger,50779,50779,100.0,02/06/2013
Granger,50779,50779,100.0,02/07/2013
Granger,50779,50779,100.0,02/08/2013
Granger,50779,50779,100.0,02/09/2013
Granger,50779,50779,100.0,02/10/2013
Granger,50779,50779,100.0,02/11/2013
Granger,50779,50779,100.0,02/12/2013
Granger,50779,50779,100.0,02/13/2013
Granger,50779,50779,100.0,02/14/2013
Granger,50779,50779,100.0,02/15/2013
Granger,50779,50779,100.0,02/16/2013
Granger,50779,50779,100.0,02/17/2013
Granger,50779,50779,100.0,02/18/2013
Granger,50779,50779,100.0,02/19/2013
Granger,50779,50779,100.0,02/20/2013
Granger,50779,50779,100.0,02/21/2013
Granger,50779,50779,100.0,02/22/2013
Granger,50779,50779,100.0,02/23/2013
Granger,50779,50779,100.0,02/24/2013
Granger,50779,50779,100.0,02/25/2013
Granger,50779,50779,100.0,02/26/2013
Granger,50779,50779,100.0,02/27/2013
Granger,50779,50779,100.0,02/28/2013
Granger,50779,50779,100.0,03/01/2013
Granger,50779,50779,100.0,03/02/2013
Granger,50779,50779,100.0,03/03/2013
Granger,50779,50779,100.0,03/04/2013
Granger,50779,50779,100.0,03/05/2013
Granger,50779,50779,100.0,03/06/2013
Granger,50779,50779,100.0,03/07/2013
Granger,50779,50779,100.0,03/08/2013
Granger,50779,50779,100.0,03/09/2013
Granger,50779,50779,100.0,03/10/2013
Granger,50779,50779,100.0,03/11/2013
Granger,50779,50779,100.0,03/12/2013
Granger,50779,50779,100.0,03/13/2013
Granger,50779,50779,100.0,03/14/2013
Granger,50779,50779,100.0,03/15/2013
Granger,50779,50779,100.0,03/16/2013
Granger,50779,50779,100.0,03/17/2013
Granger,50779,50779,100.0,03/18/2013
Granger,50779,50779,100.0,03/19/2013
Granger,50779,50779,100.0,03/20/2013
Granger,50779,50779,100.0,03/21/2013
Granger,50779,50779,100.0,03/22/2013
Granger,50779,50779,100.0,03/23/2013
Granger,50779,50779,100.0,03/24/2013
Granger,50779,50779,100.0,03/25/2013
Granger,50779,50779,100.0,03/26/2013
Granger,50779,50779,100.0,03/27/2013
Granger,50779,50779,100.0,03/28/2013
Granger,50779,50779,100.0,03/29/2013
Granger,50779,50779,100.0,03/30/2013
Granger,50779,50779,100.0,03/31/2013
Granger,50779,50779,100.0,04/01/2013
Granger,50779,50779,100.0,04/02/2013
Granger,50779,50779,100.0,04/03/2013
Granger,50779,50779,100.0,04/04/2013
Granger,50779,50779,100.0,04/05/2013
Granger,50779,50779,100.0,04/06/2013
Granger,50779,50779,100.0,04/07/2013
Granger,50779,50779,100.0,04/08/2013
Granger,50779,50779,100.0,04/09/2013
Granger,50779,50779,100.0,04/10/2013
Granger,50779,50779,100.0,04/11/2013
Granger,50779,50779,100.0,04/12/2013
Granger,50779,50779,100.0,04/13/2013
Granger,50779,50779,100.0,04/14/2013
Granger,50779,50779,100.0,04/15/2013
Granger,50779,50779,100.0,04/16/2013
Granger,50779,50779,100.0,04/17/2013
Granger,50779,50779,100.0,04/18/2013
Granger,50779,50779,100.0,04/19/2013
Granger,50779,50779,100.0,04/20/2013
Granger,50779,50779,100.0,04/21/2013
Granger,50779,50779,100.0,04/22/2013
Granger,50779,50779,100.0,04/23/2013
Granger,50779,50779,100.0,04/24/2013
Granger,50779,50779,100.0,04/25/2013
Granger,50779,50779,100.0,04/26/2013
Granger,50779,50779,100.0,04/27/2013
Granger,50779,50779,100.0,04/28/2013
Granger,50779,50779,100.0,04/29/2013
Granger,50779,50779,100.0,04/30/2013
Granger,50779,50779,100.0,05/01/2013
Granger,50779,50779,100.0,05/02/2013
Granger,50779,50779,100.0,05/03/2013
Granger,50779,50779,100.0,05/04/2013
Granger,50779,50779,100.0,05/05/2013
Granger,50779,50779,100.0,05/06/2013
Granger,50779,50779,100.0,05/07/2013
Granger,50779,50779,100.0,05/08/2013
Granger,50779,50779,100.0,05/09/2013
Granger,50779,50779,100.0,05/10/2013
Granger,50779,50779,100.0,05/11/2013
Granger,50779,50779,100.0,05/12/2013
Granger,50779,50779,100.0,05/13/2013
Granger,50779,50779,100.0,05/14/2013
Granger,50779,50779,100.0,05/15/2013
Granger,50779,50779,100.0,05/16/2013
Granger,50779,50779,100.0,05/17/2013
Granger,50779,50779,100.0,05/18/2013
Granger,50779,50779,100.0,05/19/2013
Granger,50779,50779,100.0,05/20/2013
Granger,50779,50779,100.0,05/21/2013
Granger,50779,50779,100.0,05/22/2013
Granger,50779,50779,100.0,05/23/2013
Granger,50779,50779,100.0,05/24/2013
Granger,50779,50779,100.0,05/25/2013
Granger,50779,50779,100.0,05/26/2013
Granger,50779,50779,100.0,05/27/2013
Granger,50779,50779,100.0,05/28/2013
Granger,50779,50779,100.0,05/29/2013
Granger,50779,50779,100.0,05/30/2013
Granger,50779,50779,100.0,05/31/2013
Granger,50779,50779,100.0,06/01/2013
Granger,50779,50779,100.0,06/02/2013
Granger,50779,50779,100.0,06/03/2013
Granger,50779,50779,100.0,06/04/2013
Granger,50779,50779,100.0,06/05/2013
Granger,50779,50779,100.0,06/06/2013
Granger,50779,50779,100.0,06/07/2013
Granger,50779,50779,100.0,06/08/2013
Granger,50779,50779,100.0,06/09/2013
Granger,50779,50779,100.0,06/10/2013
Granger,50779,50779,100.0,06/11/2013
Granger,50779,50779,100.0,06/12/2013
Granger,50779,50779,100.0,06/13/2013
Granger,50779,50779,100.0,06/14/2013
Granger,50779,50779,100.0,06/15/2013
Granger,50779,50779,100.0,06/16/2013
Granger,50738,50779,99.9,06/17/2013
Granger,50697,50779,99.8,06/18/2013
Granger,50614,50779,99.7,06/19/2013
Granger,50532,50779,99.5,06/20/2013
Granger,50368,50779,99.2,06/21/2013
Granger,50205,50779,98.9,06/22/2013
Granger,50002,50779,98.5,06/23/2013
Granger,49840,50779,98.2,06/24/2013
Granger,49638,50779,97.8,06/25/2013
Granger,49437,50779,97.4,06/26/2013
Granger,49277,50779,97.0,06/27/2013
Granger,49117,50779,96.7,06/28/2013
Granger,48918,50779,96.3,06/29/2013
Granger,48758,50779,96.0,06/30/2013
Granger,48521,50779,95.6,07/01/2013
Granger,48323,50779,95.2,07/02/2013
Granger,48126,50779,94.8,07/03/2013
Granger,47969,50779,94.5,07/04/2013
Granger,47812,50779,94.2,07/05/2013
Granger,47655,50779,93.8,07/06/2013
Granger,47421,50779,93.4,07/07/2013
Granger,47382,50779,93.3,07/08/2013
Granger,47305,50779,93.2,07/09/2013
Granger,47188,50779,92.9,07/10/2013
Granger,47033,50779,92.6,07/11/2013
Granger,46916,50779,92.4,07/12/2013
Granger,46800,50779,92.2,07/13/2013
Granger,46685,50779,91.9,07/14/2013
Granger,46916,50779,92.4,07/15/2013
Granger,47266,50779,93.1,07/16/2013
Granger,47734,50779,94.0,07/17/2013
Granger,47812,50779,94.2,07/18/2013
Granger,47851,50779,94.2,07/19/2013
Granger,47773,50779,94.1,07/20/2013
Granger,47773,50779,94.1,07/21/2013
Granger,47734,50779,94.0,07/22/2013
Granger,47655,50779,93.8,07/23/2013
Granger,47577,50779,93.7,07/24/2013
Granger,47499,50779,93.5,07/25/2013
Granger,47421,50779,93.4,07/26/2013
Granger,47773,50779,94.1,07/27/2013
Granger,47851,50779,94.2,07/28/2013
Granger,47851,50779,94.2,07/29/2013
Granger,47734,50779,94.0,07/30/2013
Granger,47655,50779,93.8,07/31/2013
Granger,47577,50779,93.7,08/01/2013
Granger,47460,50779,93.5,08/02/2013
Granger,47382,50779,93.3,08/03/2013
Granger,47266,50779,93.1,08/04/2013
Granger,47188,50779,92.9,08/05/2013
Granger,47071,50779,92.7,08/06/2013
Granger,46955,50779,92.5,08/07/2013
Granger,46800,50779,92.2,08/08/2013
Granger,46723,50779,92.0,08/09/2013
Granger,46608,50779,91.8,08/10/2013
Granger,46530,50779,91.6,08/11/2013
Granger,46492,50779,91.6,08/12/2013
Granger,46338,50779,91.3,08/13/2013
Granger,46223,50779,91.0,08/14/2013
Granger,46261,50779,91.1,08/15/2013
Granger,46261,50779,91.1,08/16/2013
Granger,46146,50779,90.9,08/17/2013
Granger,46031,50779,90.6,08/18/2013
Granger,45955,50779,90.5,08/19/2013
Granger,45841,50779,90.3,08/20/2013
Granger,45764,50779,90.1,08/21/2013
Granger,45650,50779,89.9,08/22/2013
Granger,45536,50779,89.7,08/23/2013
Granger,45498,50779,89.6,08/24/2013
Granger,45422,50779,89.5,08/25/2013
Granger,45308,50779,89.2,08/26/2013
Granger,45233,50779,89.1,08/27/2013
Granger,45233,50779,89.1,08/28/2013
Granger,45157,50779,88.9,08/29/2013
Granger,45082,50779,88.8,08/30/2013
Granger,45006,50779,88.6,08/31/2013
Granger,44893,50779,88.4,09/01/2013
Granger,44780,50779,88.2,09/02/2013
Granger,44667,50779,88.0,09/03/2013
Granger,44705,50779,88.0,09/04/2013
Granger,44667,50779,88.0,09/05/2013
Granger,44592,50779,87.8,09/06/2013
Granger,44479,50779,87.6,09/07/2013
Granger,44405,50779,87.4,09/08/2013
Granger,44330,50779,87.3,09/09/2013
Granger,44292,50779,87.2,09/10/2013
Granger,44180,50779,87.0,09/11/2013
Granger,44143,50779,86.9,09/12/2013
Granger,44031,50779,86.7,09/13/2013
Granger,43957,50779,86.6,09/14/2013
Granger,43845,50779,86.3,09/15/2013
Granger,43734,50779,86.1,09/16/2013
Granger,43734,50779,86.1,09/17/2013
Granger,43659,50779,86.0,09/18/2013
Granger,43474,50779,85.6,09/19/2013
Granger,43548,50779,85.8,09/20/2013
Granger,43994,50779,86.6,09/21/2013
Granger,44292,50779,87.2,09/22/2013
Granger,44367,50779,87.4,09/23/2013
Granger,44330,50779,87.3,09/24/2013
Granger,44218,50779,87.1,09/25/2013
Granger,44143,50779,86.9,09/26/2013
Granger,44031,50779,86.7,09/27/2013
Granger,43957,50779,86.6,09/28/2013
Granger,43994,50779,86.6,09/29/2013
Granger,44068,50779,86.8,09/30/2013
Granger,44031,50779,86.7,10/01/2013
Granger,43957,50779,86.6,10/02/2013
Granger,43957,50779,86.6,10/03/2013
Granger,43882,50779,86.4,10/04/2013
Granger,43808,50779,86.3,10/05/2013
Granger,43734,50779,86.1,10/06/2013
Granger,43622,50779,85.9,10/07/2013
Granger,43548,50779,85.8,10/08/2013
Granger,43400,50779,85.5,10/09/2013
Granger,43289,50779,85.2,10/10/2013
Granger,43179,50779,85.0,10/11/2013
Granger,43179,50779,85.0,10/12/2013
Granger,43474,50779,85.6,10/13/2013
Granger,43696,50779,86.1,10/14/2013
Granger,43845,50779,86.3,10/15/2013
Granger,43957,50779,86.6,10/16/2013
Granger,44031,50779,86.7,10/17/2013
Granger,44068,50779,86.8,10/18/2013
Granger,44031,50779,86.7,10/19/2013
Granger,43957,50779,86.6,10/20/2013
Granger,43957,50779,86.6,10/21/2013
Granger,43994,50779,86.6,10/22/2013
Granger,43957,50779,86.6,10/23/2013
Granger,43957,50779,86.6,10/24/2013
Granger,43919,50779,86.5,10/25/2013
Granger,43919,50779,86.5,10/26/2013
Granger,44106,50779,86.9,10/27/2013
Granger,44180,50779,87.0,10/28/2013
Granger,44180,50779,87.0,10/29/2013
Granger,44255,50779,87.2,10/30/2013
Granger,50779,50779,100.0,10/31/2013
Granger,50779,50779,100.0,11/01/2013
Granger,50779,50779,100.0,11/02/2013
Granger,50779,50779,100.0,11/03/2013
Granger,50779,50779,100.0,11/04/2013
Granger,50779,50779,100.0,11/05/2013
Granger,50779,50779,100.0,11/06/2013
Granger,50779,50779,100.0,11/07/2013
Granger,50779,50779,100.0,11/08/2013
Granger,50779,50779,100.0,11/09/2013
Granger,50779,50779,100.0,11/10/2013
Granger,50779,50779,100.0,11/11/2013
Granger,50779,50779,100.0,11/12/2013
Granger,50779,50779,100.0,11/13/2013
Granger,50779,50779,100.0,11/14/2013
Granger,50779,50779,100.0,11/15/2013
Granger,50779,50779,100.0,11/16/2013
Granger,50779,50779,100.0,11/17/2013
Granger,50779,50779,100.0,11/18/2013
Granger,50779,50779,100.0,11/19/2013
Granger,50779,50779,100.0,11/20/2013
Granger,50779,50779,100.0,11/21/2013
Granger,50779,50779,100.0,11/22/2013
Granger,50779,50779,100.0,11/23/2013
Granger,50779,50779,100.0,11/24/2013
Granger,50779,50779,100.0,11/25/2013
Granger,50779,50779,100.0,11/26/2013
Granger,50779,50779,100.0,11/27/2013
Granger,50779,50779,100.0,11/28/2013
Granger,50779,50779,100.0,11/29/2013
Granger,50779,50779,100.0,11/30/2013
Granger,50779,50779,100.0,12/01/2013
Granger,50779,50779,100.0,12/02/2013
Granger,50779,50779,100.0,12/03/2013
Granger,50779,50779,100.0,12/04/2013
Granger,50779,50779,100.0,12/05/2013
Granger,50779,50779,100.0,12/06/2013
Granger,50779,50779,100.0,12/07/2013
Granger,50779,50779,100.0,12/08/2013
Granger,50779,50779,100.0,12/09/2013
Granger,50779,50779,100.0,12/10/2013
Granger,50779,50779,100.0,12/11/2013
Granger,50779,50779,100.0,12/12/2013
Granger,50779,50779,100.0,12/13/2013
Granger,50779,50779,100.0,12/14/2013
Granger,50779,50779,100.0,12/15/2013
Granger,50779,50779,100.0,12/16/2013
Granger,50779,50779,100.0,12/17/2013
Granger,50779,50779,100.0,12/18/2013
Granger,50779,50779,100.0,12/19/2013
Granger,50779,50779,100.0,12/20/2013
Granger,50779,50779,100.0,12/21/2013
Granger,50779,50779,100.0,12/22/2013
Granger,50779,50779,100.0,12/23/2013
Granger,50779,50779,100.0,12/24/2013
Granger,50779,50779,100.0,12/25/2013
Granger,50779,50779,100.0,12/26/2013
Granger,50779,50779,100.0,12/27/2013
Granger,50779,50779,100.0,12/28/2013
Granger,50779,50779,100.0,12/29/2013
Granger,50779,50779,100.0,12/30/2013
Granger,50779,50779,100.0,12/31/2013
Granger,50779,50779,100.0,01/01/2014
Granger,50779,50779,100.0,01/02/2014
Granger,50779,50779,100.0,01/03/2014
Granger,50779,50779,100.0,01/04/2014
Granger,50779,50779,100.0,01/05/2014
Granger,50779,50779,100.0,01/06/2014
Granger,50779,50779,100.0,01/07/2014
Granger,50779,50779,100.0,01/08/2014
Granger,50779,50779,100.0,01/09/2014
Granger,50779,50779,100.0,01/10/2014
Granger,50779,50779,100.0,01/11/2014
Granger,50779,50779,100.0,01/12/2014
Granger,50779,50779,100.0,01/13/2014
Granger,50779,50779,100.0,01/14/2014
Granger,50779,50779,100.0,01/15/2014
Granger,50779,50779,100.0,01/16/2014
Granger,50779,50779,100.0,01/17/2014
Granger,50779,50779,100.0,01/18/2014
Granger,50779,50779,100.0,01/19/2014
Granger,50779,50779,100.0,01/20/2014
Granger,50779,50779,100.0,01/21/2014
Granger,50779,50779,100.0,01/22/2014
Granger,50779,50779,100.0,01/23/2014
Granger,50779,50779,100.0,01/24/2014
Granger,50779,50779,100.0,01/25/2014
Granger,50779,50779,100.0,01/26/2014
Granger,50779,50779,100.0,01/27/2014
Granger,50779,50779,100.0,01/28/2014
Granger,50779,50779,100.0,01/29/2014
Granger,50779,50779,100.0,01/30/2014
Granger,50779,50779,100.0,01/31/2014
Granger,50779,50779,100.0,02/01/2014
Granger,50779,50779,100.0,02/02/2014
Granger,50779,50779,100.0,02/03/2014
Granger,50779,50779,100.0,02/04/2014
Granger,50779,50779,100.0,02/05/2014
Granger,50779,50779,100.0,02/06/2014
Granger,50779,50779,100.0,02/07/2014
Granger,50779,50779,100.0,02/08/2014
Granger,50779,50779,100.0,02/09/2014
Granger,50779,50779,100.0,02/10/2014
Granger,50779,50779,100.0,02/11/2014
Granger,50779,50779,100.0,02/12/2014
Granger,50779,50779,100.0,02/13/2014
Granger,50779,50779,100.0,02/14/2014
Granger,50779,50779,100.0,02/15/2014
Granger,50779,50779,100.0,02/16/2014
Granger,50779,50779,100.0,02/17/2014
Granger,50779,50779,100.0,02/18/2014
Granger,50779,50779,100.0,02/19/2014
Granger,50779,50779,100.0,02/20/2014
Granger,50779,50779,100.0,02/21/2014
Granger,50779,50779,100.0,02/22/2014
Granger,50779,50779,100.0,02/23/2014
Granger,50779,50779,100.0,02/24/2014
Granger,50779,50779,100.0,02/25/2014
Granger,50779,50779,100.0,02/26/2014
Granger,50779,50779,100.0,02/27/2014
Granger,50779,50779,100.0,02/28/2014
Granger,50779,50779,100.0,03/01/2014
Granger,50779,50779,100.0,03/02/2014
Granger,50779,50779,100.0,03/03/2014
Granger,50779,50779,100.0,03/04/2014
Granger,50779,50779,100.0,03/05/2014
Granger,50779,50779,100.0,03/06/2014
Granger,50779,50779,100.0,03/07/2014
Granger,50779,50779,100.0,03/08/2014
Granger,50779,50779,100.0,03/09/2014
Granger,50779,50779,100.0,03/10/2014
Granger,50779,50779,100.0,03/11/2014
Granger,50779,50779,100.0,03/12/2014
Granger,50779,50779,100.0,03/13/2014
Granger,50779,50779,100.0,03/14/2014
Granger,50779,50779,100.0,03/15/2014
Granger,50779,50779,100.0,03/16/2014
Granger,50779,50779,100.0,03/17/2014
Granger,50779,50779,100.0,03/18/2014
Granger,50779,50779,100.0,03/19/2014
Granger,50779,50779,100.0,03/20/2014
Granger,50779,50779,100.0,03/21/2014
Granger,50779,50779,100.0,03/22/2014
Granger,50779,50779,100.0,03/23/2014
Granger,50779,50779,100.0,03/24/2014
Granger,50779,50779,100.0,03/25/2014
Granger,50779,50779,100.0,03/26/2014
Granger,50779,50779,100.0,03/27/2014
Granger,50779,50779,100.0,03/28/2014
Granger,50779,50779,100.0,03/29/2014
Granger,50779,50779,100.0,03/30/2014
Granger,50779,50779,100.0,03/31/2014
Granger,50779,50779,100.0,04/01/2014
Granger,50779,50779,100.0,04/02/2014
Granger,50779,50779,100.0,04/03/2014
Granger,50779,50779,100.0,04/04/2014
Granger,50779,50779,100.0,04/05/2014
Granger,50779,50779,100.0,04/06/2014
Granger,50779,50779,100.0,04/07/2014
Granger,50779,50779,100.0,04/08/2014
Granger,50779,50779,100.0,04/09/2014
Granger,50779,50779,100.0,04/10/2014
Granger,50779,50779,100.0,04/11/2014
Granger,50779,50779,100.0,04/12/2014
Granger,50779,50779,100.0,04/13/2014
Granger,50779,50779,100.0,04/14/2014
Granger,50697,50779,99.8,04/15/2014
Granger,50573,50779,99.6,04/16/2014
Granger,50491,50779,99.4,04/17/2014
Granger,50450,50779,99.4,04/18/2014
Granger,50409,50779,99.3,04/19/2014
Granger,50327,50779,99.1,04/20/2014
Granger,50246,50779,99.0,04/21/2014
Granger,50205,50779,98.9,04/22/2014
Granger,50205,50779,98.9,04/23/2014
Granger,50165,50779,98.8,04/24/2014
Granger,50124,50779,98.7,04/25/2014
Granger,50124,50779,98.7,04/26/2014
Granger,50124,50779,98.7,04/27/2014
Granger,50124,50779,98.7,04/28/2014
Granger,50043,50779,98.6,04/29/2014
Granger,49880,50779,98.2,04/30/2014
Granger,49759,50779,98.0,05/01/2014
Granger,49759,50779,98.0,05/02/2014
Granger,49679,50779,97.8,05/03/2014
Granger,49598,50779,97.7,05/04/2014
Granger,49477,50779,97.4,05/05/2014
Granger,49397,50779,97.3,05/06/2014
Granger,49317,50779,97.1,05/07/2014
Granger,49277,50779,97.0,05/08/2014
Granger,49277,50779,97.0,05/09/2014
Granger,49277,50779,97.0,05/10/2014
Granger,49237,50779,97.0,05/11/2014
Granger,49197,50779,96.9,05/12/2014
Granger,50205,50779,98.9,05/13/2014
Granger,50779,50779,100.0,05/14/2014
Granger,50779,50779,100.0,05/15/2014
Granger,50779,50779,100.0,05/16/2014
Granger,50779,50779,100.0,05/17/2014
Granger,50738,50779,99.9,05/18/2014
Granger,50738,50779,99.9,05/19/2014
Granger,50697,50779,99.8,05/20/2014
Granger,50614,50779,99.7,05/21/2014
Granger,50573,50779,99.6,05/22/2014
Granger,50491,50779,99.4,05/23/2014
Granger,50491,50779,99.4,05/24/2014
Granger,50491,50779,99.4,05/25/2014
Granger,50656,50779,99.8,05/26/2014
Granger,50779,50779,100.0,05/27/2014
Granger,50779,50779,100.0,05/28/2014
Granger,50779,50779,100.0,05/29/2014
Granger,50779,50779,100.0,05/30/2014
Granger,50779,50779,100.0,05/31/2014
Granger,50779,50779,100.0,06/01/2014
Granger,50779,50779,100.0,06/02/2014
Granger,50779,50779,100.0,06/03/2014
Granger,50779,50779,100.0,06/04/2014
Granger,50779,50779,100.0,06/05/2014
Granger,50779,50779,100.0,06/06/2014
Granger,50779,50779,100.0,06/07/2014
Granger,50779,50779,100.0,06/08/2014
Granger,50779,50779,100.0,06/09/2014
Granger,50779,50779,100.0,06/10/2014
Granger,50779,50779,100.0,06/11/2014
Granger,50779,50779,100.0,06/12/2014
Granger,50779,50779,100.0,06/13/2014
Granger,50779,50779,100.0,06/14/2014
Granger,50779,50779,100.0,06/15/2014
Granger,50779,50779,100.0,06/16/2014
Granger,50779,50779,100.0,06/17/2014
Granger,50779,50779,100.0,06/18/2014
Granger,50779,50779,100.0,06/19/2014
Granger,50779,50779,100.0,06/20/2014
Granger,50779,50779,100.0,06/21/2014
Granger,50779,50779,100.0,06/22/2014
Granger,50779,50779,100.0,06/23/2014
Granger,50779,50779,100.0,06/24/2014
Granger,50779,50779,100.0,06/25/2014
Granger,50779,50779,100.0,06/26/2014
Granger,50779,50779,100.0,06/27/2014
Granger,50779,50779,100.0,06/28/2014
Granger,50779,50779,100.0,06/29/2014
Granger,50779,50779,100.0,06/30/2014
Granger,50779,50779,100.0,07/01/2014
Granger,50779,50779,100.0,07/02/2014
Granger,50779,50779,100.0,07/03/2014
Granger,50779,50779,100.0,07/04/2014
Granger,50779,50779,100.0,07/05/2014
Granger,50779,50779,100.0,07/06/2014
Granger,50779,50779,100.0,07/07/2014
Granger,50779,50779,100.0,07/08/2014
Granger,50779,50779,100.0,07/09/2014
Granger,50779,50779,100.0,07/10/2014
Granger,50779,50779,100.0,07/11/2014
Granger,50779,50779,100.0,07/12/2014
Granger,50779,50779,100.0,07/13/2014
Granger,50779,50779,100.0,07/14/2014
Granger,50779,50779,100.0,07/15/2014
Granger,50779,50779,100.0,07/16/2014
Granger,50779,50779,100.0,07/17/2014
Granger,50779,50779,100.0,07/18/2014
Granger,50779,50779,100.0,07/19/2014
Granger,50779,50779,100.0,07/20/2014
Granger,50779,50779,100.0,07/21/2014
Granger,50779,50779,100.0,07/22/2014
Granger,50779,50779,100.0,07/23/2014
Granger,50779,50779,100.0,07/24/2014
Granger,50779,50779,100.0,07/25/2014
Granger,50779,50779,100.0,07/26/2014
Granger,50779,50779,100.0,07/27/2014
Granger,50779,50779,100.0,07/28/2014
Granger,50779,50779,100.0,07/29/2014
Granger,50779,50779,100.0,07/30/2014
Granger,50779,50779,100.0,07/31/2014
Granger,50779,50779,100.0,08/01/2014
Granger,50779,50779,100.0,08/02/2014
Granger,50779,50779,100.0,08/03/2014
Granger,50779,50779,100.0,08/04/2014
Granger,50779,50779,100.0,08/05/2014
Granger,50779,50779,100.0,08/06/2014
Granger,50779,50779,100.0,08/07/2014
Granger,50779,50779,100.0,08/08/2014
Granger,50779,50779,100.0,08/09/2014
Granger,50779,50779,100.0,08/10/2014
Granger,50779,50779,100.0,08/11/2014
Granger,50779,50779,100.0,08/12/2014
Granger,50779,50779,100.0,08/13/2014
Granger,50779,50779,100.0,08/14/2014
Granger,50779,50779,100.0,08/15/2014
Granger,50779,50779,100.0,08/16/2014
Granger,50779,50779,100.0,08/17/2014
Granger,50779,50779,100.0,08/18/2014
Granger,50779,50779,100.0,08/19/2014
Granger,50779,50779,100.0,08/20/2014
Granger,50779,50779,100.0,08/21/2014
Granger,50614,50779,99.7,08/22/2014
Granger,50491,50779,99.4,08/23/2014
Granger,50368,50779,99.2,08/24/2014
Granger,50246,50779,99.0,08/25/2014
Granger,50083,50779,98.6,08/26/2014
Granger,49921,50779,98.3,08/27/2014
Granger,49800,50779,98.1,08/28/2014
Granger,49638,50779,97.8,08/29/2014
Granger,49517,50779,97.5,08/30/2014
Granger,49437,50779,97.4,08/31/2014
Granger,49317,50779,97.1,09/01/2014
Granger,49197,50779,96.9,09/02/2014
Granger,49077,50779,96.6,09/03/2014
Granger,48957,50779,96.4,09/04/2014
Granger,48798,50779,96.1,09/05/2014
Granger,48679,50779,95.9,09/06/2014
Granger,48639,50779,95.8,09/07/2014
Granger,48600,50779,95.7,09/08/2014
Granger,48521,50779,95.6,09/09/2014
Granger,48442,50779,95.4,09/10/2014
Granger,48244,50779,95.0,09/11/2014
Granger,48087,50779,94.7,09/12/2014
Granger,47969,50779,94.5,09/13/2014
Granger,48008,50779,94.5,09/14/2014
Granger,47969,50779,94.5,09/15/2014
Granger,47890,50779,94.3,09/16/2014
Granger,47929,50779,94.4,09/17/2014
Granger,49477,50779,97.4,09/18/2014
Granger,50779,50779,100.0,09/19/2014
Granger,50779,50779,100.0,09/20/2014
Granger,50779,50779,100.0,09/21/2014
Granger,50779,50779,100.0,09/22/2014
Granger,50779,50779,100.0,09/23/2014
Granger,50779,50779,100.0,09/24/2014
Granger,50779,50779,100.0,09/25/2014
Granger,50779,50779,100.0,09/26/2014
Granger,50779,50779,100.0,09/27/2014
Granger,50779,50779,100.0,09/28/2014
Granger,50779,50779,100.0,09/29/2014
Granger,50779,50779,100.0,09/30/2014
Granger,50779,50779,100.0,10/01/2014
Granger,50779,50779,100.0,10/02/2014
Granger,50779,50779,100.0,10/03/2014
Granger,50779,50779,100.0,10/04/2014
Granger,50779,50779,100.0,10/05/2014
Granger,50779,50779,100.0,10/06/2014
Granger,50779,50779,100.0,10/07/2014
Granger,50779,50779,100.0,10/08/2014
Granger,50779,50779,100.0,10/09/2014
Granger,50779,50779,100.0,10/10/2014
Granger,50779,50779,100.0,10/11/2014
Granger,50779,50779,100.0,10/12/2014
Granger,50779,50779,100.0,10/13/2014
Granger,50779,50779,100.0,10/14/2014
Granger,50779,50779,100.0,10/15/2014
Granger,50779,50779,100.0,10/16/2014
Granger,50779,50779,100.0,10/17/2014
Granger,50779,50779,100.0,10/18/2014
Granger,50779,50779,100.0,10/19/2014
Granger,50779,50779,100.0,10/20/2014
Granger,50779,50779,100.0,10/21/2014
Granger,50779,50779,100.0,10/22/2014
Granger,50779,50779,100.0,10/23/2014
Granger,50779,50779,100.0,10/24/2014
Granger,50779,50779,100.0,10/25/2014
Granger,50779,50779,100.0,10/26/2014
Granger,50779,50779,100.0,10/27/2014
Granger,50779,50779,100.0,10/28/2014
Granger,50779,50779,100.0,10/29/2014
Granger,50779,50779,100.0,10/30/2014
Granger,50779,50779,100.0,10/31/2014
Granger,50779,50779,100.0,11/01/2014
Granger,50779,50779,100.0,11/02/2014
Granger,50779,50779,100.0,11/03/2014
Granger,50779,50779,100.0,11/04/2014
Granger,50779,50779,100.0,11/05/2014
Granger,50779,50779,100.0,11/06/2014
Granger,50779,50779,100.0,11/07/2014
Granger,50779,50779,100.0,11/08/2014
Granger,50779,50779,100.0,11/09/2014
Granger,50779,50779,100.0,11/10/2014
Granger,50779,50779,100.0,11/11/2014
Granger,50779,50779,100.0,11/12/2014
Granger,50779,50779,100.0,11/13/2014
Granger,50779,50779,100.0,11/14/2014
Granger,50779,50779,100.0,11/15/2014
Granger,50779,50779,100.0,11/16/2014
Granger,50779,50779,100.0,11/17/2014
Granger,50779,50779,100.0,11/18/2014
Granger,50779,50779,100.0,11/19/2014
Granger,50779,50779,100.0,11/20/2014
Granger,50779,50779,100.0,11/21/2014
Granger,50779,50779,100.0,11/22/2014
Granger,50779,50779,100.0,11/23/2014
Granger,50779,50779,100.0,11/24/2014
Granger,50779,50779,100.0,11/25/2014
Granger,50779,50779,100.0,11/26/2014
Granger,50779,50779,100.0,11/27/2014
Granger,50779,50779,100.0,11/28/2014
Granger,50779,50779,100.0,11/29/2014
Granger,50779,50779,100.0,11/30/2014
Granger,50779,50779,100.0,12/01/2014
Granger,50779,50779,100.0,12/02/2014
Granger,50779,50779,100.0,12/03/2014
Granger,50779,50779,100.0,12/04/2014
Granger,50779,50779,100.0,12/05/2014
Granger,50779,50779,100.0,12/06/2014
Granger,50779,50779,100.0,12/07/2014
Granger,50779,50779,100.0,12/08/2014
Granger,50779,50779,100.0,12/09/2014
Granger,50779,50779,100.0,12/10/2014
Granger,50779,50779,100.0,12/11/2014
Granger,50779,50779,100.0,12/12/2014
Granger,50779,50779,100.0,12/13/2014
Granger,50779,50779,100.0,12/14/2014
Granger,50779,50779,100.0,12/15/2014
Granger,50779,50779,100.0,12/16/2014
Granger,50779,50779,100.0,12/17/2014
Granger,50779,50779,100.0,12/18/2014
Granger,50779,50779,100.0,12/19/2014
Granger,50779,50779,100.0,12/20/2014
Granger,50779,50779,100.0,12/21/2014
Granger,50779,50779,100.0,12/22/2014
Granger,50779,50779,100.0,12/23/2014
Granger,50779,50779,100.0,12/24/2014
Granger,50779,50779,100.0,12/25/2014
Granger,50779,50779,100.0,12/26/2014
Granger,50779,50779,100.0,12/27/2014
Granger,50779,50779,100.0,12/28/2014
Granger,50779,50779,100.0,12/29/2014
Granger,50779,50779,100.0,12/30/2014
Granger,50779,50779,100.0,12/31/2014
Granger,50779,50779,100.0,01/01/2015
Granger,50779,50779,100.0,01/02/2015
Granger,50779,50779,100.0,01/03/2015
Granger,50779,50779,100.0,01/04/2015
Granger,50779,50779,100.0,01/05/2015
Granger,50779,50779,100.0,01/06/2015
Granger,50779,50779,100.0,01/07/2015
Granger,50779,50779,100.0,01/08/2015
Granger,50779,50779,100.0,01/09/2015
Granger,50779,50779,100.0,01/10/2015
Granger,50779,50779,100.0,01/11/2015
Granger,50779,50779,100.0,01/12/2015
Granger,50779,50779,100.0,01/13/2015
Granger,50779,50779,100.0,01/14/2015
Granger,50779,50779,100.0,01/15/2015
Granger,50779,50779,100.0,01/16/2015
Granger,50779,50779,100.0,01/17/2015
Granger,50779,50779,100.0,01/18/2015
Granger,50779,50779,100.0,01/19/2015
Granger,50779,50779,100.0,01/20/2015
Granger,50779,50779,100.0,01/21/2015
Granger,50779,50779,100.0,01/22/2015
Granger,50779,50779,100.0,01/23/2015
Granger,50779,50779,100.0,01/24/2015
Granger,50779,50779,100.0,01/25/2015
Granger,50779,50779,100.0,01/26/2015
Granger,50779,50779,100.0,01/27/2015
Granger,50779,50779,100.0,01/28/2015
Granger,50779,50779,100.0,01/29/2015
Granger,50779,50779,100.0,01/30/2015
Granger,50779,50779,100.0,01/31/2015
Granger,50779,50779,100.0,02/01/2015
Granger,50779,50779,100.0,02/02/2015
Granger,50779,50779,100.0,02/03/2015
Granger,50779,50779,100.0,02/04/2015
Granger,50779,50779,100.0,02/05/2015
Granger,50779,50779,100.0,02/06/2015
Granger,50779,50779,100.0,02/07/2015
Granger,50779,50779,100.0,02/08/2015
Granger,50779,50779,100.0,02/09/2015
Granger,50779,50779,100.0,02/10/2015
Granger,50779,50779,100.0,02/11/2015
Granger,50779,50779,100.0,02/12/2015
Granger,50779,50779,100.0,02/13/2015
Granger,50779,50779,100.0,02/14/2015
Granger,50779,50779,100.0,02/15/2015
Granger,50779,50779,100.0,02/16/2015
Granger,50779,50779,100.0,02/17/2015
Granger,50779,50779,100.0,02/18/2015
Granger,50779,50779,100.0,02/19/2015
Granger,50779,50779,100.0,02/20/2015
Granger,50779,50779,100.0,02/21/2015
Granger,50779,50779,100.0,02/22/2015
Granger,50779,50779,100.0,02/23/2015
Granger,50779,50779,100.0,02/24/2015
Granger,50779,50779,100.0,02/25/2015
Granger,50779,50779,100.0,02/26/2015
Granger,50779,50779,100.0,02/27/2015
Granger,50779,50779,100.0,02/28/2015
Granger,50779,50779,100.0,03/01/2015
Granger,50779,50779,100.0,03/02/2015
Granger,50779,50779,100.0,03/03/2015
Granger,50779,50779,100.0,03/04/2015
Granger,50779,50779,100.0,03/05/2015
Granger,50779,50779,100.0,03/06/2015
Granger,50779,50779,100.0,03/07/2015
Granger,50779,50779,100.0,03/08/2015
Granger,50779,50779,100.0,03/09/2015
Granger,50779,50779,100.0,03/10/2015
Granger,50779,50779,100.0,03/11/2015
Granger,50779,50779,100.0,03/12/2015
Granger,50779,50779,100.0,03/13/2015
Granger,50779,50779,100.0,03/14/2015
Granger,50779,50779,100.0,03/15/2015
Granger,50779,50779,100.0,03/16/2015
Granger,50779,50779,100.0,03/17/2015
Granger,50779,50779,100.0,03/18/2015
Granger,50779,50779,100.0,03/19/2015
Granger,50779,50779,100.0,03/20/2015
Granger,50779,50779,100.0,03/21/2015
Granger,50779,50779,100.0,03/22/2015
Granger,50779,50779,100.0,03/23/2015
Granger,50779,50779,100.0,03/24/2015
Granger,50779,50779,100.0,03/25/2015
Granger,50779,50779,100.0,03/26/2015
Granger,50779,50779,100.0,03/27/2015
Granger,50779,50779,100.0,03/28/2015
Granger,50779,50779,100.0,03/29/2015
Granger,50779,50779,100.0,03/30/2015
Granger,50779,50779,100.0,03/31/2015
Granger,50779,50779,100.0,04/01/2015
Granger,50779,50779,100.0,04/02/2015
Granger,50779,50779,100.0,04/03/2015
Granger,50779,50779,100.0,04/04/2015
Granger,50779,50779,100.0,04/05/2015
Granger,50779,50779,100.0,04/06/2015
Granger,50779,50779,100.0,04/07/2015
Granger,50779,50779,100.0,04/08/2015
Granger,50779,50779,100.0,04/09/2015
Granger,50779,50779,100.0,04/10/2015
Granger,50779,50779,100.0,04/11/2015
Granger,50779,50779,100.0,04/12/2015
Granger,50779,50779,100.0,04/13/2015
Granger,50779,50779,100.0,04/14/2015
Granger,50779,50779,100.0,04/15/2015
Granger,50779,50779,100.0,04/16/2015
Granger,50779,50779,100.0,04/17/2015
Granger,50779,50779,100.0,04/18/2015
Granger,50779,50779,100.0,04/19/2015
Granger,50779,50779,100.0,04/20/2015
Granger,50779,50779,100.0,04/21/2015
Granger,50779,50779,100.0,04/22/2015
Granger,50779,50779,100.0,04/23/2015
Granger,50779,50779,100.0,04/24/2015
Granger,50779,50779,100.0,04/25/2015
Granger,50779,50779,100.0,04/26/2015
Granger,50779,50779,100.0,04/27/2015
Granger,50779,50779,100.0,04/28/2015
Granger,50779,50779,100.0,04/29/2015
Granger,50779,50779,100.0,04/30/2015
Granger,50779,50779,100.0,05/01/2015
Granger,50779,50779,100.0,05/02/2015
Granger,50779,50779,100.0,05/03/2015
Granger,50779,50779,100.0,05/04/2015
Granger,50779,50779,100.0,05/05/2015
Granger,50779,50779,100.0,05/06/2015
Granger,50779,50779,100.0,05/07/2015
Granger,50779,50779,100.0,05/08/2015
Granger,50779,50779,100.0,05/09/2015
Granger,50779,50779,100.0,05/10/2015
Granger,50779,50779,100.0,05/11/2015
Granger,50779,50779,100.0,05/12/2015
Granger,50779,50779,100.0,05/13/2015
Granger,50779,50779,100.0,05/14/2015
Granger,50779,50779,100.0,05/15/2015
Granger,50779,50779,100.0,05/16/2015
Granger,50779,50779,100.0,05/17/2015
Granger,50779,50779,100.0,05/18/2015
Granger,50779,50779,100.0,05/19/2015
Granger,50779,50779,100.0,05/20/2015
Granger,50779,50779,100.0,05/21/2015
Granger,50779,50779,100.0,05/22/2015
Granger,50779,50779,100.0,05/23/2015
Granger,50779,50779,100.0,05/24/2015
Granger,50779,50779,100.0,05/25/2015
Granger,50779,50779,100.0,05/26/2015
Granger,50779,50779,100.0,05/27/2015
Granger,50779,50779,100.0,05/28/2015
Granger,50779,50779,100.0,05/29/2015
Granger,50779,50779,100.0,05/30/2015
Granger,50779,50779,100.0,05/31/2015
Granger,50779,50779,100.0,06/01/2015
Granger,50779,50779,100.0,06/02/2015
Granger,50779,50779,100.0,06/03/2015
Granger,50779,50779,100.0,06/04/2015
Granger,50779,50779,100.0,06/05/2015
Granger,50779,50779,100.0,06/06/2015
Granger,50779,50779,100.0,06/07/2015
Granger,50779,50779,100.0,06/08/2015
Granger,50779,50779,100.0,06/09/2015
Granger,50779,50779,100.0,06/10/2015
Granger,50779,50779,100.0,06/11/2015
Granger,50779,50779,100.0,06/12/2015
Granger,50779,50779,100.0,06/13/2015
Granger,50779,50779,100.0,06/14/2015
Granger,50779,50779,100.0,06/15/2015
Granger,50779,50779,100.0,06/16/2015
Granger,50779,50779,100.0,06/17/2015
Granger,50779,50779,100.0,06/18/2015
Granger,50779,50779,100.0,06/19/2015
Granger,50779,50779,100.0,06/20/2015
Granger,50779,50779,100.0,06/21/2015
Granger,50779,50779,100.0,06/22/2015
Granger,50779,50779,100.0,06/23/2015
Granger,50779,50779,100.0,06/24/2015
Granger,50779,50779,100.0,06/25/2015
Granger,50779,50779,100.0,06/26/2015
Granger,50779,50779,100.0,06/27/2015
Granger,50779,50779,100.0,06/28/2015
Granger,50779,50779,100.0,06/29/2015
Granger,50779,50779,100.0,06/30/2015
Granger,50779,50779,100.0,07/01/2015
Granger,50779,50779,100.0,07/02/2015
Granger,50779,50779,100.0,07/03/2015
Granger,50779,50779,100.0,07/04/2015
Granger,50779,50779,100.0,07/05/2015
Granger,50779,50779,100.0,07/06/2015
Granger,50779,50779,100.0,07/07/2015
Granger,50779,50779,100.0,07/08/2015
Granger,50779,50779,100.0,07/09/2015
Granger,50779,50779,100.0,07/10/2015
Granger,50779,50779,100.0,07/11/2015
Granger,50779,50779,100.0,07/12/2015
Granger,50779,50779,100.0,07/13/2015
Granger,50779,50779,100.0,07/14/2015
Granger,50779,50779,100.0,07/15/2015
Granger,50779,50779,100.0,07/16/2015
Granger,50779,50779,100.0,07/17/2015
Granger,50779,50779,100.0,07/18/2015
Granger,50779,50779,100.0,07/19/2015
Granger,50779,50779,100.0,07/20/2015
Granger,50779,50779,100.0,07/21/2015
Granger,50779,50779,100.0,07/22/2015
Granger,50779,50779,100.0,07/23/2015
Granger,50779,50779,100.0,07/24/2015
Granger,50779,50779,100.0,07/25/2015
Granger,50779,50779,100.0,07/26/2015
Granger,50779,50779,100.0,07/27/2015
Granger,50779,50779,100.0,07/28/2015
Granger,50779,50779,100.0,07/29/2015
Granger,50779,50779,100.0,07/30/2015
Granger,50779,50779,100.0,07/31/2015
Granger,50779,50779,100.0,08/01/2015
Granger,50779,50779,100.0,08/02/2015
Granger,50779,50779,100.0,08/03/2015
Granger,50779,50779,100.0,08/04/2015
Granger,50779,50779,100.0,08/05/2015
Granger,50779,50779,100.0,08/06/2015
Granger,50779,50779,100.0,08/07/2015
Granger,50779,50779,100.0,08/08/2015
Granger,50779,50779,100.0,08/09/2015
Granger,50779,50779,100.0,08/10/2015
Granger,50779,50779,100.0,08/11/2015
Granger,50779,50779,100.0,08/12/2015
Granger,50779,50779,100.0,08/13/2015
Granger,50779,50779,100.0,08/14/2015
Granger,50779,50779,100.0,08/15/2015
Granger,50779,50779,100.0,08/16/2015
Granger,50779,50779,100.0,08/17/2015
Granger,50779,50779,100.0,08/18/2015
Granger,50779,50779,100.0,08/19/2015
Granger,50779,50779,100.0,08/20/2015
Granger,50779,50779,100.0,08/21/2015
Granger,50779,50779,100.0,08/22/2015
Granger,50779,50779,100.0,08/23/2015
Granger,50779,50779,100.0,08/24/2015
Granger,50779,50779,100.0,08/25/2015
Granger,50779,50779,100.0,08/26/2015
Granger,50779,50779,100.0,08/27/2015
Granger,50779,50779,100.0,08/28/2015
Granger,50779,50779,100.0,08/29/2015
Granger,50779,50779,100.0,08/30/2015
Granger,50779,50779,100.0,08/31/2015
Granger,50779,50779,100.0,09/01/2015
Granger,50779,50779,100.0,09/02/2015
Granger,50779,50779,100.0,09/03/2015
Granger,50779,50779,100.0,09/04/2015
Granger,50779,50779,100.0,09/05/2015
Granger,50779,50779,100.0,09/06/2015
Granger,50779,50779,100.0,09/07/2015
Granger,50779,50779,100.0,09/08/2015
Granger,50779,50779,100.0,09/09/2015
Granger,50779,50779,100.0,09/10/2015
Granger,50779,50779,100.0,09/11/2015
Granger,50779,50779,100.0,09/12/2015
Granger,50779,50779,100.0,09/13/2015
Granger,50779,50779,100.0,09/14/2015
Granger,50779,50779,100.0,09/15/2015
Granger,50779,50779,100.0,09/16/2015
Granger,50779,50779,100.0,09/17/2015
Granger,50779,50779,100.0,09/18/2015
Granger,50779,50779,100.0,09/19/2015
Granger,50779,50779,100.0,09/20/2015
Granger,50779,50779,100.0,09/21/2015
Granger,50738,50779,99.9,09/22/2015
Granger,50738,50779,99.9,09/23/2015
Granger,50656,50779,99.8,09/24/2015
Granger,50614,50779,99.7,09/25/2015
Granger,50614,50779,99.7,09/26/2015
Granger,50614,50779,99.7,09/27/2015
Granger,50532,50779,99.5,09/28/2015
Granger,50491,50779,99.4,09/29/2015
Granger,50409,50779,99.3,09/30/2015
Granger,50368,50779,99.2,10/01/2015
Granger,50368,50779,99.2,10/02/2015
Granger,50327,50779,99.1,10/03/2015
Granger,50205,50779,98.9,10/04/2015
Granger,50124,50779,98.7,10/05/2015
Granger,50083,50779,98.6,10/06/2015
Granger,50043,50779,98.6,10/07/2015
Granger,50002,50779,98.5,10/08/2015
Granger,49961,50779,98.4,10/09/2015
Granger,49921,50779,98.3,10/10/2015
Granger,49921,50779,98.3,10/11/2015
Granger,49921,50779,98.3,10/12/2015
Granger,49840,50779,98.2,10/13/2015
Granger,49759,50779,98.0,10/14/2015
Granger,49759,50779,98.0,10/15/2015
Granger,49679,50779,97.8,10/16/2015
Granger,49598,50779,97.7,10/17/2015
Granger,49517,50779,97.5,10/18/2015
Granger,49517,50779,97.5,10/19/2015
Granger,49437,50779,97.4,10/20/2015
Granger,49397,50779,97.3,10/21/2015
Granger,49397,50779,97.3,10/22/2015
Granger,49397,50779,97.3,10/23/2015
Granger,49961,50779,98.4,10/24/2015
Granger,50779,50779,100.0,10/25/2015
Granger,50779,50779,100.0,10/26/2015
Granger,50779,50779,100.0,10/27/2015
Granger,50779,50779,100.0,10/28/2015
Granger,50779,50779,100.0,10/29/2015
Granger,50779,50779,100.0,10/30/2015
Granger,50779,50779,100.0,10/31/2015
Granger,50779,50779,100.0,11/01/2015
Granger,50779,50779,100.0,11/02/2015
Granger,50779,50779,100.0,11/03/2015
Granger,50779,50779,100.0,11/04/2015
Granger,50779,50779,100.0,11/05/2015
Granger,50779,50779,100.0,11/06/2015
Granger,50779,50779,100.0,11/07/2015
Granger,50779,50779,100.0,11/08/2015
Granger,50779,50779,100.0,11/09/2015
Granger,50779,50779,100.0,11/10/2015
Granger,50779,50779,100.0,11/11/2015
Granger,50779,50779,100.0,11/12/2015
Granger,50779,50779,100.0,11/13/2015
Granger,50779,50779,100.0,11/14/2015
Granger,50779,50779,100.0,11/15/2015
Granger,50779,50779,100.0,11/16/2015
Granger,50779,50779,100.0,11/17/2015
Granger,50779,50779,100.0,11/18/2015
Granger,50779,50779,100.0,11/19/2015
Granger,50779,50779,100.0,11/20/2015
Granger,50779,50779,100.0,11/21/2015
Granger,50779,50779,100.0,11/22/2015
Granger,50779,50779,100.0,11/23/2015
Granger,50779,50779,100.0,11/24/2015
Granger,50779,50779,100.0,11/25/2015
Granger,50779,50779,100.0,11/26/2015
Granger,50779,50779,100.0,11/27/2015
Granger,50779,50779,100.0,11/28/2015
Granger,50779,50779,100.0,11/29/2015
Granger,50779,50779,100.0,11/30/2015
Granger,50779,50779,100.0,12/01/2015
Granger,50779,50779,100.0,12/02/2015
Granger,50779,50779,100.0,12/03/2015
Granger,50779,50779,100.0,12/04/2015
Granger,50779,50779,100.0,12/05/2015
Granger,50779,50779,100.0,12/06/2015
Granger,50779,50779,100.0,12/07/2015
Granger,50779,50779,100.0,12/08/2015
Granger,50779,50779,100.0,12/09/2015
Granger,50779,50779,100.0,12/10/2015
Granger,50779,50779,100.0,12/11/2015
Granger,50779,50779,100.0,12/12/2015
Granger,50779,50779,100.0,12/13/2015
Granger,50779,50779,100.0,12/14/2015
Granger,50779,50779,100.0,12/15/2015
Granger,50779,50779,100.0,12/16/2015
Granger,50779,50779,100.0,12/17/2015
Granger,50779,50779,100.0,12/18/2015
Granger,50779,50779,100.0,12/19/2015
Granger,50779,50779,100.0,12/20/2015
Granger,50779,50779,100.0,12/21/2015
Granger,50779,50779,100.0,12/22/2015
Granger,50779,50779,100.0,12/23/2015
Granger,50779,50779,100.0,12/24/2015
Granger,50779,50779,100.0,12/25/2015
Granger,50779,50779,100.0,12/26/2015
Granger,50779,50779,100.0,12/27/2015
Granger,50779,50779,100.0,12/28/2015
Granger,50779,50779,100.0,12/29/2015
Granger,50779,50779,100.0,12/30/2015
Granger,50779,50779,100.0,12/31/2015
Granger,50779,50779,100.0,01/01/2016
Granger,50779,50779,100.0,01/02/2016
Granger,50779,50779,100.0,01/03/2016
Granger,50779,50779,100.0,01/04/2016
Granger,50779,50779,100.0,01/05/2016
Granger,50779,50779,100.0,01/06/2016
Granger,50779,50779,100.0,01/07/2016
Granger,50779,50779,100.0,01/08/2016
Granger,50779,50779,100.0,01/09/2016
Granger,50779,50779,100.0,01/10/2016
Granger,50779,50779,100.0,01/11/2016
Granger,50779,50779,100.0,01/12/2016
Granger,50779,50779,100.0,01/13/2016
Granger,50779,50779,100.0,01/14/2016
Granger,50779,50779,100.0,01/15/2016
Granger,50779,50779,100.0,01/16/2016
Granger,50779,50779,100.0,01/17/2016
Granger,50779,50779,100.0,01/18/2016
Granger,50779,50779,100.0,01/19/2016
Granger,50779,50779,100.0,01/20/2016
Granger,50779,50779,100.0,01/21/2016
Granger,50779,50779,100.0,01/22/2016
Granger,50779,50779,100.0,01/23/2016
Granger,50779,50779,100.0,01/24/2016
Granger,50779,50779,100.0,01/25/2016
Granger,50779,50779,100.0,01/26/2016
Granger,50779,50779,100.0,01/27/2016
Granger,50779,50779,100.0,01/28/2016
Granger,50779,50779,100.0,01/29/2016
Granger,50779,50779,100.0,01/30/2016
Granger,50779,50779,100.0,01/31/2016
Granger,50779,50779,100.0,02/01/2016
Granger,50779,50779,100.0,02/02/2016
Granger,50779,50779,100.0,02/03/2016
Granger,50779,50779,100.0,02/04/2016
Granger,50779,50779,100.0,02/05/2016
Granger,50779,50779,100.0,02/06/2016
Granger,50779,50779,100.0,02/07/2016
Granger,50779,50779,100.0,02/08/2016
Granger,50779,50779,100.0,02/09/2016
Granger,50779,50779,100.0,02/10/2016
Granger,50779,50779,100.0,02/11/2016
Granger,50779,50779,100.0,02/12/2016
Granger,50779,50779,100.0,02/13/2016
Granger,50779,50779,100.0,02/14/2016
Granger,50779,50779,100.0,02/15/2016
Granger,50779,50779,100.0,02/16/2016
Granger,50779,50779,100.0,02/17/2016
Granger,50779,50779,100.0,02/18/2016
Granger,50779,50779,100.0,02/19/2016
Granger,50779,50779,100.0,02/20/2016
Granger,50779,50779,100.0,02/21/2016
Granger,50779,50779,100.0,02/22/2016
Granger,50779,50779,100.0,02/23/2016
Granger,50779,50779,100.0,02/24/2016
Granger,50779,50779,100.0,02/25/2016
Granger,50779,50779,100.0,02/26/2016
Granger,50779,50779,100.0,02/27/2016
Granger,50779,50779,100.0,02/28/2016
Granger,50779,50779,100.0,02/29/2016
Granger,50779,50779,100.0,03/01/2016
Granger,50779,50779,100.0,03/02/2016
Granger,50779,50779,100.0,03/03/2016
Granger,50779,50779,100.0,03/04/2016
Granger,50779,50779,100.0,03/05/2016
Granger,50779,50779,100.0,03/06/2016
Granger,50779,50779,100.0,03/07/2016
Granger,50779,50779,100.0,03/08/2016
Granger,50779,50779,100.0,03/09/2016
Granger,50779,50779,100.0,03/10/2016
Granger,50779,50779,100.0,03/11/2016
Granger,50779,50779,100.0,03/12/2016
Granger,50779,50779,100.0,03/13/2016
Granger,50779,50779,100.0,03/14/2016
Granger,50779,50779,100.0,03/15/2016
Granger,50779,50779,100.0,03/16/2016
Granger,50779,50779,100.0,03/17/2016
Granger,50779,50779,100.0,03/18/2016
Granger,50779,50779,100.0,03/19/2016
Granger,50779,50779,100.0,03/20/2016
Granger,50779,50779,100.0,03/21/2016
Granger,50779,50779,100.0,03/22/2016
Granger,50779,50779,100.0,03/23/2016
Granger,50779,50779,100.0,03/24/2016
Granger,50779,50779,100.0,03/25/2016
Granger,50779,50779,100.0,03/26/2016
Granger,50779,50779,100.0,03/27/2016
Granger,50779,50779,100.0,03/28/2016
Granger,50779,50779,100.0,03/29/2016
Granger,50779,50779,100.0,03/30/2016
Granger,50779,50779,100.0,03/31/2016
Granger,50779,50779,100.0,04/01/2016
Granger,50779,50779,100.0,04/02/2016
Granger,50779,50779,100.0,04/03/2016
Granger,50779,50779,100.0,04/04/2016
Granger,50779,50779,100.0,04/05/2016
Granger,50779,50779,100.0,04/06/2016
Granger,50779,50779,100.0,04/07/2016
Granger,50779,50779,100.0,04/08/2016
Granger,50779,50779,100.0,04/09/2016
Granger,50779,50779,100.0,04/10/2016
Granger,50779,50779,100.0,04/11/2016
Granger,50779,50779,100.0,04/12/2016
Granger,50779,50779,100.0,04/13/2016
Granger,50779,50779,100.0,04/14/2016
Granger,50779,50779,100.0,04/15/2016
Granger,50779,50779,100.0,04/16/2016
Granger,50779,50779,100.0,04/17/2016
Granger,50779,50779,100.0,04/18/2016
Granger,50779,50779,100.0,04/19/2016
Granger,50779,50779,100.0,04/20/2016
Granger,50779,50779,100.0,04/21/2016
Granger,50779,50779,100.0,04/22/2016
Granger,50779,50779,100.0,04/23/2016
Granger,50779,50779,100.0,04/24/2016
Granger,50779,50779,100.0,04/25/2016
Granger,50779,50779,100.0,04/26/2016
Granger,50779,50779,100.0,04/27/2016
Granger,50779,50779,100.0,04/28/2016
Granger,50779,50779,100.0,04/29/2016
Granger,50779,50779,100.0,04/30/2016
Granger,50779,50779,100.0,05/01/2016
Granger,50779,50779,100.0,05/02/2016
Granger,50779,50779,100.0,05/03/2016
Granger,50779,50779,100.0,05/04/2016
Granger,50779,50779,100.0,05/05/2016
Granger,50779,50779,100.0,05/06/2016
Granger,50779,50779,100.0,05/07/2016
Granger,50779,50779,100.0,05/08/2016
Granger,50779,50779,100.0,05/09/2016
Granger,50779,50779,100.0,05/10/2016
Granger,50779,50779,100.0,05/11/2016
Granger,50779,50779,100.0,05/12/2016
Granger,50779,50779,100.0,05/13/2016
Granger,50779,50779,100.0,05/14/2016
Granger,50779,50779,100.0,05/15/2016
Granger,50779,50779,100.0,05/16/2016
Granger,50779,50779,100.0,05/17/2016
Granger,50779,50779,100.0,05/18/2016
Granger,50779,50779,100.0,05/19/2016
Granger,50779,50779,100.0,05/20/2016
Granger,50779,50779,100.0,05/21/2016
Granger,50779,50779,100.0,05/22/2016
Granger,50779,50779,100.0,05/23/2016
Granger,50779,50779,100.0,05/24/2016
Granger,50779,50779,100.0,05/25/2016
Granger,50779,50779,100.0,05/26/2016
Granger,50779,50779,100.0,05/27/2016
Granger,50779,50779,100.0,05/28/2016
Granger,50779,50779,100.0,05/29/2016
Granger,50779,50779,100.0,05/30/2016
Granger,50779,50779,100.0,05/31/2016
Granger,51822,51822,100.0,06/01/2016
Granger,51822,51822,100.0,06/02/2016
Granger,51822,51822,100.0,06/03/2016
Granger,51822,51822,100.0,06/04/2016
Granger,51822,51822,100.0,06/05/2016
Granger,51822,51822,100.0,06/06/2016
Granger,51822,51822,100.0,06/07/2016
Granger,51822,51822,100.0,06/08/2016
Granger,51822,51822,100.0,06/09/2016
Granger,51822,51822,100.0,06/10/2016
Granger,51822,51822,100.0,06/13/2016
Granger,51822,51822,100.0,06/14/2016
Granger,51822,51822,100.0,06/15/2016
Granger,51822,51822,100.0,06/16/2016
Granger,51822,51822,100.0,06/17/2016
Granger,51822,51822,100.0,06/18/2016
Granger,51822,51822,100.0,06/19/2016
Granger,51822,51822,100.0,06/20/2016
Granger,51822,51822,100.0,06/21/2016
Granger,51822,51822,100.0,06/22/2016
Granger,51822,51822,100.0,06/23/2016
Granger,51822,51822,100.0,06/24/2016
Granger,51822,51822,100.0,06/25/2016
Granger,51822,51822,100.0,06/26/2016
Granger,51822,51822,100.0,06/27/2016
Granger,51822,51822,100.0,06/28/2016
Granger,51822,51822,100.0,06/29/2016
Granger,51822,51822,100.0,06/30/2016
Granger,51822,51822,100.0,07/01/2016
Granger,51822,51822,100.0,07/02/2016
Granger,51822,51822,100.0,07/03/2016
Granger,51822,51822,100.0,07/04/2016
Granger,51822,51822,100.0,07/05/2016
Granger,51822,51822,100.0,07/06/2016
Granger,51822,51822,100.0,07/07/2016
Granger,51822,51822,100.0,07/08/2016
Granger,51822,51822,100.0,07/09/2016
Granger,51822,51822,100.0,07/10/2016
Granger,51822,51822,100.0,07/11/2016
Granger,51822,51822,100.0,07/12/2016
Granger,51822,51822,100.0,07/13/2016
Granger,51822,51822,100.0,07/14/2016
Granger,51822,51822,100.0,07/15/2016
Granger,51822,51822,100.0,07/16/2016
Granger,51822,51822,100.0,07/17/2016
Granger,51822,51822,100.0,07/18/2016
Granger,51822,51822,100.0,07/19/2016
Granger,51822,51822,100.0,07/20/2016
Granger,51822,51822,100.0,07/21/2016
Granger,51822,51822,100.0,07/22/2016
Granger,51822,51822,100.0,07/23/2016
Granger,51822,51822,100.0,07/24/2016
Granger,51822,51822,100.0,07/25/2016
Granger,51822,51822,100.0,07/26/2016
Granger,51822,51822,100.0,07/27/2016
Granger,51822,51822,100.0,07/28/2016
Granger,51822,51822,100.0,07/29/2016
Granger,51822,51822,100.0,07/30/2016
Granger,51822,51822,100.0,07/31/2016
Granger,51822,51822,100.0,08/01/2016
Granger,51822,51822,100.0,08/02/2016
Granger,51822,51822,100.0,08/03/2016
Granger,51822,51822,100.0,08/04/2016
Granger,51822,51822,100.0,08/05/2016
Granger,51822,51822,100.0,08/06/2016
Granger,51822,51822,100.0,08/07/2016
Granger,51822,51822,100.0,08/08/2016
Granger,51822,51822,100.0,08/09/2016
Granger,51822,51822,100.0,08/10/2016
Granger,51822,51822,100.0,08/11/2016
Granger,51822,51822,100.0,08/12/2016
Granger,51822,51822,100.0,08/13/2016
Granger,51822,51822,100.0,08/14/2016
Granger,51822,51822,100.0,08/15/2016
Granger,51822,51822,100.0,08/16/2016
Granger,51822,51822,100.0,08/17/2016
Granger,51822,51822,100.0,08/18/2016
Granger,51822,51822,100.0,08/19/2016
Granger,51822,51822,100.0,08/20/2016
Granger,51822,51822,100.0,08/21/2016
Granger,51822,51822,100.0,08/22/2016
Granger,51822,51822,100.0,08/23/2016
Granger,51822,51822,100.0,08/24/2016
Granger,51822,51822,100.0,08/25/2016
Granger,51822,51822,100.0,08/26/2016
Granger,51822,51822,100.0,08/27/2016
Granger,51822,51822,100.0,08/30/2016
Granger,51822,51822,100.0,08/31/2016
Granger,51822,51822,100.0,09/01/2016
Granger,51822,51822,100.0,09/02/2016
Granger,51822,51822,100.0,09/03/2016
Granger,51822,51822,100.0,09/04/2016
Granger,51822,51822,100.0,09/05/2016
Granger,51822,51822,100.0,09/06/2016
Granger,51822,51822,100.0,09/07/2016
Granger,51822,51822,100.0,09/08/2016
Granger,51822,51822,100.0,09/09/2016
Granger,51822,51822,100.0,09/10/2016
Granger,51822,51822,100.0,09/11/2016
Granger,51822,51822,100.0,09/12/2016
Granger,51822,51822,100.0,09/13/2016
Granger,51822,51822,100.0,09/14/2016
Granger,51822,51822,100.0,09/15/2016
Granger,51822,51822,100.0,09/16/2016
Granger,51822,51822,100.0,09/17/2016
Granger,51822,51822,100.0,09/18/2016
Granger,51822,51822,100.0,09/19/2016
Granger,51822,51822,100.0,09/20/2016
Granger,51822,51822,100.0,09/21/2016
Granger,51822,51822,100.0,09/22/2016
Granger,51822,51822,100.0,09/23/2016
Granger,51822,51822,100.0,09/24/2016
Granger,51822,51822,100.0,09/25/2016
Granger,51822,51822,100.0,09/26/2016
Granger,51822,51822,100.0,09/27/2016
Granger,51822,51822,100.0,09/28/2016
Granger,51822,51822,100.0,09/29/2016
Granger,51822,51822,100.0,09/30/2016
Granger,51822,51822,100.0,10/01/2016
Granger,51822,51822,100.0,10/02/2016
Granger,51822,51822,100.0,10/03/2016
Granger,51822,51822,100.0,10/04/2016
Granger,51822,51822,100.0,10/05/2016
Granger,51822,51822,100.0,10/06/2016
Granger,51822,51822,100.0,10/07/2016
Granger,51822,51822,100.0,10/08/2016
Granger,51822,51822,100.0,10/09/2016
Granger,51822,51822,100.0,10/10/2016
Granger,51822,51822,100.0,10/11/2016
Granger,51822,51822,100.0,10/12/2016
Granger,51822,51822,100.0,10/13/2016
Granger,51822,51822,100.0,10/14/2016
Granger,51822,51822,100.0,10/15/2016
Granger,51822,51822,100.0,10/16/2016
Granger,51822,51822,100.0,10/17/2016
Granger,51822,51822,100.0,10/18/2016
Granger,51822,51822,100.0,10/19/2016
Granger,51822,51822,100.0,10/20/2016
Granger,51822,51822,100.0,10/21/2016
Granger,51822,51822,100.0,10/22/2016
Granger,51822,51822,100.0,10/23/2016
Granger,51822,51822,100.0,10/24/2016
Granger,51822,51822,100.0,10/25/2016
Granger,51822,51822,100.0,10/26/2016
Granger,51822,51822,100.0,10/27/2016
Granger,51822,51822,100.0,10/28/2016
Granger,51822,51822,100.0,10/29/2016
Granger,51822,51822,100.0,10/30/2016
Granger,51822,51822,100.0,10/31/2016
Granger,51822,51822,100.0,11/01/2016
Granger,51822,51822,100.0,11/02/2016
Granger,51822,51822,100.0,11/03/2016
Granger,51822,51822,100.0,11/04/2016
Granger,51822,51822,100.0,11/05/2016
Granger,51822,51822,100.0,11/06/2016
Granger,51822,51822,100.0,11/07/2016
Granger,51822,51822,100.0,11/08/2016
Granger,51822,51822,100.0,11/09/2016
Granger,51822,51822,100.0,11/10/2016
Granger,51822,51822,100.0,11/11/2016
Granger,51822,51822,100.0,11/12/2016
Granger,51822,51822,100.0,11/13/2016
Granger,51822,51822,100.0,11/14/2016
Granger,51822,51822,100.0,11/15/2016
Granger,51822,51822,100.0,11/16/2016
Granger,51822,51822,100.0,11/17/2016
Granger,51822,51822,100.0,11/18/2016
Granger,51822,51822,100.0,11/19/2016
Granger,51822,51822,100.0,11/20/2016
Granger,51822,51822,100.0,11/21/2016
Granger,51822,51822,100.0,11/22/2016
Granger,51822,51822,100.0,11/23/2016
Granger,51822,51822,100.0,11/24/2016
Granger,51822,51822,100.0,11/25/2016
Granger,51822,51822,100.0,11/26/2016
Granger,51822,51822,100.0,11/27/2016
Granger,51822,51822,100.0,11/28/2016
Granger,51822,51822,100.0,11/29/2016
Granger,51822,51822,100.0,11/30/2016
Granger,51822,51822,100.0,12/01/2016
Granger,51822,51822,100.0,12/02/2016
Granger,51822,51822,100.0,12/03/2016
Granger,51822,51822,100.0,12/04/2016
Granger,51822,51822,100.0,12/05/2016
Granger,51822,51822,100.0,12/06/2016
Granger,51822,51822,100.0,12/07/2016
Granger,51822,51822,100.0,12/08/2016
Granger,51822,51822,100.0,12/09/2016
Granger,51822,51822,100.0,12/10/2016
Granger,51822,51822,100.0,12/11/2016
Granger,51822,51822,100.0,12/12/2016
Granger,51822,51822,100.0,12/13/2016
Granger,51822,51822,100.0,12/14/2016
Granger,51822,51822,100.0,12/15/2016
Granger,51822,51822,100.0,12/16/2016
Granger,51822,51822,100.0,12/17/2016
Granger,51822,51822,100.0,12/18/2016
Granger,51822,51822,100.0,12/19/2016
Granger,51822,51822,100.0,12/20/2016
Granger,51822,51822,100.0,12/21/2016
Granger,51822,51822,100.0,12/22/2016
Granger,51822,51822,100.0,12/23/2016
Granger,51822,51822,100.0,12/24/2016
Granger,51822,51822,100.0,12/25/2016
Granger,51822,51822,100.0,12/26/2016
Granger,51822,51822,100.0,12/27/2016
Granger,51822,51822,100.0,12/28/2016
Granger,51822,51822,100.0,12/29/2016
Granger,51822,51822,100.0,12/30/2016
Granger,51822,51822,100.0,12/31/2016
Granger,51822,51822,100.0,01/01/2017
Granger,51822,51822,100.0,01/02/2017
Granger,51822,51822,100.0,01/03/2017
Granger,51822,51822,100.0,01/04/2017
Granger,51822,51822,100.0,01/05/2017
Granger,51822,51822,100.0,01/06/2017
Granger,51822,51822,100.0,01/07/2017
Granger,51822,51822,100.0,01/08/2017
Granger,51822,51822,100.0,01/09/2017
Granger,51822,51822,100.0,01/10/2017
Granger,51822,51822,100.0,01/11/2017
Granger,51822,51822,100.0,01/12/2017
Granger,51822,51822,100.0,01/13/2017
Granger,51822,51822,100.0,01/14/2017
Granger,51822,51822,100.0,01/15/2017
Granger,51822,51822,100.0,01/16/2017
Granger,51822,51822,100.0,01/17/2017
Granger,51822,51822,100.0,01/18/2017
Granger,51822,51822,100.0,01/19/2017
Granger,51822,51822,100.0,01/20/2017
Granger,51822,51822,100.0,01/21/2017
Granger,51822,51822,100.0,01/22/2017
Granger,51822,51822,100.0,01/23/2017
Granger,51822,51822,100.0,01/24/2017
Granger,51822,51822,100.0,01/25/2017
Granger,51822,51822,100.0,01/26/2017
Granger,51822,51822,100.0,01/27/2017
Granger,51822,51822,100.0,01/28/2017
Granger,51822,51822,100.0,01/29/2017
Granger,51822,51822,100.0,01/30/2017
Granger,51822,51822,100.0,01/31/2017
Granger,51822,51822,100.0,02/01/2017
Granger,51822,51822,100.0,02/02/2017
Granger,51822,51822,100.0,02/03/2017
Granger,51822,51822,100.0,02/04/2017
Granger,51822,51822,100.0,02/05/2017
Granger,51822,51822,100.0,02/06/2017
Granger,51822,51822,100.0,02/07/2017
Granger,51822,51822,100.0,02/08/2017
Granger,51822,51822,100.0,02/09/2017
Granger,51822,51822,100.0,02/10/2017
Granger,51822,51822,100.0,02/11/2017
Granger,51822,51822,100.0,02/12/2017
Granger,51822,51822,100.0,02/13/2017
Granger,51822,51822,100.0,02/14/2017
Granger,51822,51822,100.0,02/15/2017
Granger,51822,51822,100.0,02/16/2017
Granger,51822,51822,100.0,02/17/2017
Granger,51822,51822,100.0,02/18/2017
Granger,51822,51822,100.0,02/19/2017
Granger,51822,51822,100.0,02/20/2017
Granger,51822,51822,100.0,02/21/2017
Granger,51822,51822,100.0,02/22/2017
Granger,51822,51822,100.0,02/23/2017
Granger,51822,51822,100.0,02/24/2017
Granger,51822,51822,100.0,02/25/2017
Granger,51822,51822,100.0,02/26/2017
Granger,51822,51822,100.0,02/27/2017
Granger,51822,51822,100.0,02/28/2017
Granger,51822,51822,100.0,03/01/2017
Granger,51822,51822,100.0,03/02/2017
Granger,51822,51822,100.0,03/03/2017
Granger,51822,51822,100.0,03/04/2017
Granger,51822,51822,100.0,03/05/2017
Granger,51822,51822,100.0,03/06/2017
Granger,51822,51822,100.0,03/07/2017
Granger,51822,51822,100.0,03/08/2017
Granger,51822,51822,100.0,03/09/2017
Granger,51822,51822,100.0,03/10/2017
Granger,51822,51822,100.0,03/11/2017
Granger,51822,51822,100.0,03/12/2017
Granger,51822,51822,100.0,03/13/2017
Granger,51822,51822,100.0,03/14/2017
Granger,51822,51822,100.0,03/15/2017
Granger,51822,51822,100.0,03/16/2017
Granger,51822,51822,100.0,03/17/2017
Granger,51822,51822,100.0,03/18/2017
Granger,51822,51822,100.0,03/19/2017
Granger,51822,51822,100.0,03/20/2017
Granger,51822,51822,100.0,03/21/2017
Granger,51822,51822,100.0,03/22/2017
Granger,51822,51822,100.0,03/23/2017
Granger,51822,51822,100.0,03/24/2017
Granger,51822,51822,100.0,03/25/2017
Granger,51822,51822,100.0,03/26/2017
Granger,51822,51822,100.0,03/27/2017
Granger,51822,51822,100.0,03/28/2017
Granger,51822,51822,100.0,03/29/2017
Granger,51822,51822,100.0,03/30/2017
Granger,51822,51822,100.0,03/31/2017
Granger,51822,51822,100.0,04/01/2017
Granger,51822,51822,100.0,04/02/2017
Granger,51822,51822,100.0,04/03/2017
Granger,51822,51822,100.0,04/04/2017
Granger,51822,51822,100.0,04/05/2017
Granger,51822,51822,100.0,04/06/2017
Granger,51822,51822,100.0,04/07/2017
Granger,51822,51822,100.0,04/08/2017
Granger,51822,51822,100.0,04/09/2017
Granger,51822,51822,100.0,04/10/2017
Granger,51822,51822,100.0,04/11/2017
Granger,51822,51822,100.0,04/12/2017
Granger,51822,51822,100.0,04/13/2017
Granger,51822,51822,100.0,04/14/2017
Granger,51822,51822,100.0,04/15/2017
Granger,51822,51822,100.0,04/16/2017
Granger,51822,51822,100.0,04/17/2017
Granger,51822,51822,100.0,04/18/2017
Granger,51822,51822,100.0,04/19/2017
Granger,51822,51822,100.0,04/20/2017
Granger,51822,51822,100.0,04/21/2017
Granger,51822,51822,100.0,04/22/2017
Granger,51822,51822,100.0,04/23/2017
Granger,51822,51822,100.0,04/24/2017
Granger,51822,51822,100.0,04/25/2017
Granger,51822,51822,100.0,04/26/2017
Granger,51822,51822,100.0,04/27/2017
Granger,51822,51822,100.0,04/28/2017
Granger,51822,51822,100.0,04/29/2017
Granger,51822,51822,100.0,04/30/2017
Granger,51822,51822,100.0,05/01/2017
Granger,51822,51822,100.0,05/02/2017
Granger,51822,51822,100.0,05/03/2017
Granger,51822,51822,100.0,05/04/2017
Granger,51822,51822,100.0,05/05/2017
Granger,51822,51822,100.0,05/06/2017
Granger,51822,51822,100.0,05/07/2017
Granger,51822,51822,100.0,05/08/2017
Granger,51822,51822,100.0,05/09/2017
Granger,51822,51822,100.0,05/10/2017
Granger,51822,51822,100.0,05/11/2017
Granger,51822,51822,100.0,05/12/2017
Granger,51822,51822,100.0,05/13/2017
Granger,51822,51822,100.0,05/14/2017
Granger,51822,51822,100.0,05/15/2017
Granger,51822,51822,100.0,05/16/2017
Granger,51822,51822,100.0,05/17/2017
Granger,51822,51822,100.0,05/18/2017
Granger,51822,51822,100.0,05/19/2017
Granger,51822,51822,100.0,05/20/2017
Granger,51822,51822,100.0,05/21/2017
Granger,51822,51822,100.0,05/22/2017
Granger,51822,51822,100.0,05/23/2017
Granger,51822,51822,100.0,05/24/2017
Granger,51822,51822,100.0,05/25/2017
Granger,51822,51822,100.0,05/26/2017
Granger,51822,51822,100.0,05/27/2017
Granger,51822,51822,100.0,05/28/2017
Granger,51822,51822,100.0,05/29/2017
Granger,51822,51822,100.0,05/30/2017
Granger,51822,51822,100.0,05/31/2017
Granger,51822,51822,100.0,06/01/2017
Granger,51822,51822,100.0,06/02/2017
Granger,51822,51822,100.0,06/03/2017
Granger,51822,51822,100.0,06/04/2017
Granger,51822,51822,100.0,06/05/2017
Granger,51822,51822,100.0,06/06/2017
Granger,51822,51822,100.0,06/07/2017
Granger,51822,51822,100.0,06/08/2017
Granger,51822,51822,100.0,06/09/2017
Granger,51822,51822,100.0,06/10/2017
Granger,51822,51822,100.0,06/11/2017
Granger,51822,51822,100.0,06/12/2017
Granger,51822,51822,100.0,06/13/2017
Granger,51822,51822,100.0,06/14/2017
Granger,51822,51822,100.0,06/15/2017
Granger,51822,51822,100.0,06/16/2017
Granger,51822,51822,100.0,06/17/2017
Granger,51822,51822,100.0,06/18/2017
Granger,51822,51822,100.0,06/19/2017
Granger,51822,51822,100.0,06/20/2017
Granger,51822,51822,100.0,06/21/2017
Granger,51822,51822,100.0,06/22/2017
Granger,51822,51822,100.0,06/23/2017
Granger,51822,51822,100.0,06/24/2017
Granger,51822,51822,100.0,06/25/2017
Granger,51822,51822,100.0,06/26/2017
Granger,51822,51822,100.0,06/27/2017
Granger,51822,51822,100.0,06/28/2017
Granger,51822,51822,100.0,06/29/2017
Granger,51822,51822,100.0,06/30/2017
Granger,51822,51822,100.0,07/01/2017
Granger,51822,51822,100.0,07/02/2017
Granger,51822,51822,100.0,07/03/2017
Granger,51822,51822,100.0,07/04/2017
Granger,51822,51822,100.0,07/05/2017
Granger,51822,51822,100.0,07/06/2017
Granger,51822,51822,100.0,07/07/2017
Granger,51822,51822,100.0,07/08/2017
Granger,51822,51822,100.0,07/09/2017
Granger,51822,51822,100.0,07/10/2017
Granger,51822,51822,100.0,07/11/2017
Granger,51822,51822,100.0,07/12/2017
Granger,51822,51822,100.0,07/13/2017
Granger,51822,51822,100.0,07/14/2017
Granger,51822,51822,100.0,07/15/2017
Granger,51822,51822,100.0,07/16/2017
Granger,51822,51822,100.0,07/17/2017
Granger,51822,51822,100.0,07/18/2017
Granger,51822,51822,100.0,07/19/2017
Granger,51822,51822,100.0,07/20/2017
Granger,51822,51822,100.0,07/21/2017
Granger,51822,51822,100.0,07/22/2017
Granger,51822,51822,100.0,07/23/2017
Granger,51822,51822,100.0,07/24/2017
Granger,51822,51822,100.0,07/25/2017
Granger,51822,51822,100.0,07/26/2017
Granger,51822,51822,100.0,07/27/2017
Granger,51822,51822,100.0,07/28/2017
Granger,51822,51822,100.0,07/29/2017
Granger,51822,51822,100.0,07/30/2017
Granger,51822,51822,100.0,07/31/2017
Granger,51822,51822,100.0,08/01/2017
Granger,51822,51822,100.0,08/02/2017
Granger,51740,51822,99.8,08/03/2017
Granger,51658,51822,99.7,08/04/2017
Granger,51535,51822,99.4,08/05/2017
Granger,51453,51822,99.3,08/06/2017
Granger,51576,51822,99.5,08/07/2017
Granger,51822,51822,100.0,08/08/2017
Granger,51822,51822,100.0,08/09/2017
Granger,51822,51822,100.0,08/10/2017
Granger,51822,51822,100.0,08/11/2017
Granger,51822,51822,100.0,08/12/2017
Granger,51822,51822,100.0,08/13/2017
Granger,51822,51822,100.0,08/14/2017
Granger,51822,51822,100.0,08/15/2017
Granger,51822,51822,100.0,08/16/2017
Granger,51822,51822,100.0,08/17/2017
Granger,51822,51822,100.0,08/18/2017
Granger,51822,51822,100.0,08/19/2017
Granger,51822,51822,100.0,08/20/2017
Granger,51740,51822,99.8,08/21/2017
Granger,51658,51822,99.7,08/22/2017
Granger,51617,51822,99.6,08/23/2017
Granger,51535,51822,99.4,08/24/2017
Granger,51535,51822,99.4,08/25/2017
Granger,51576,51822,99.5,08/26/2017
Granger,51822,51822,100.0,08/27/2017
Granger,51822,51822,100.0,08/28/2017
Granger,51822,51822,100.0,08/29/2017
Granger,51822,51822,100.0,08/30/2017
Granger,51822,51822,100.0,08/31/2017
Granger,51822,51822,100.0,09/01/2017
Granger,51822,51822,100.0,09/02/2017
Granger,51822,51822,100.0,09/03/2017
Granger,51822,51822,100.0,09/04/2017
Granger,51822,51822,100.0,09/05/2017
Granger,51822,51822,100.0,09/06/2017
Granger,51822,51822,100.0,09/07/2017
Granger,51822,51822,100.0,09/08/2017
Granger,51822,51822,100.0,09/09/2017
Granger,51822,51822,100.0,09/10/2017
Granger,51822,51822,100.0,09/11/2017
Granger,51822,51822,100.0,09/12/2017
Granger,51822,51822,100.0,09/13/2017
Granger,51822,51822,100.0,09/14/2017
Granger,51822,51822,100.0,09/15/2017
Granger,51822,51822,100.0,09/16/2017
Granger,51822,51822,100.0,09/17/2017
Granger,51822,51822,100.0,09/18/2017
Granger,51822,51822,100.0,09/19/2017
Granger,51822,51822,100.0,09/20/2017
Granger,51822,51822,100.0,09/21/2017
Granger,51822,51822,100.0,09/22/2017
Granger,51822,51822,100.0,09/23/2017
Granger,51822,51822,100.0,09/24/2017
Granger,51822,51822,100.0,09/25/2017
Granger,51822,51822,100.0,09/26/2017
Granger,51822,51822,100.0,09/27/2017
Granger,51822,51822,100.0,09/28/2017
Granger,51822,51822,100.0,09/29/2017
Granger,51822,51822,100.0,09/30/2017
Granger,51822,51822,100.0,10/01/2017
Granger,51822,51822,100.0,10/02/2017
Granger,51822,51822,100.0,10/03/2017
Granger,51822,51822,100.0,10/04/2017
Granger,51822,51822,100.0,10/05/2017
Granger,51822,51822,100.0,10/06/2017
Granger,51822,51822,100.0,10/07/2017
Granger,51822,51822,100.0,10/08/2017
Granger,51822,51822,100.0,10/09/2017
Granger,51822,51822,100.0,10/10/2017
Granger,51822,51822,100.0,10/11/2017
Granger,51822,51822,100.0,10/12/2017
Granger,51822,51822,100.0,10/13/2017
Granger,51822,51822,100.0,10/14/2017
Granger,51822,51822,100.0,10/15/2017
Granger,51822,51822,100.0,10/16/2017
Granger,51822,51822,100.0,10/17/2017
Granger,51822,51822,100.0,10/18/2017
Granger,51822,51822,100.0,10/19/2017
Granger,51822,51822,100.0,10/20/2017
Granger,51822,51822,100.0,10/21/2017
Granger,51822,51822,100.0,10/22/2017
Granger,51822,51822,100.0,10/23/2017
Granger,51822,51822,100.0,10/24/2017
Granger,51822,51822,100.0,10/25/2017
Granger,51822,51822,100.0,10/26/2017
Granger,51822,51822,100.0,10/27/2017
Granger,51822,51822,100.0,10/28/2017
Granger,51822,51822,100.0,10/29/2017
Granger,51822,51822,100.0,10/30/2017
Granger,51822,51822,100.0,10/31/2017
Granger,51822,51822,100.0,11/01/2017
Granger,51822,51822,100.0,11/02/2017
Granger,51822,51822,100.0,11/03/2017
Granger,51822,51822,100.0,11/04/2017
Granger,51822,51822,100.0,11/05/2017
Granger,51822,51822,100.0,11/06/2017
Granger,51822,51822,100.0,11/07/2017
Granger,51822,51822,100.0,11/08/2017
Granger,51822,51822,100.0,11/09/2017
Granger,51822,51822,100.0,11/10/2017
Granger,51822,51822,100.0,11/11/2017
Granger,51822,51822,100.0,11/12/2017
Granger,51822,51822,100.0,11/13/2017
Granger,51822,51822,100.0,11/14/2017
Granger,51822,51822,100.0,11/15/2017
Granger,51822,51822,100.0,11/16/2017
Granger,51822,51822,100.0,11/17/2017
Granger,51822,51822,100.0,11/18/2017
Granger,51822,51822,100.0,11/19/2017
Granger,51822,51822,100.0,11/20/2017
Granger,51822,51822,100.0,11/21/2017
Granger,51822,51822,100.0,11/22/2017
Granger,51822,51822,100.0,11/23/2017
Granger,51822,51822,100.0,11/24/2017
Granger,51822,51822,100.0,11/25/2017
Granger,51822,51822,100.0,11/26/2017
Granger,51822,51822,100.0,11/27/2017
Granger,51822,51822,100.0,11/28/2017
Granger,51822,51822,100.0,11/29/2017
Granger,51822,51822,100.0,11/30/2017
Granger,51822,51822,100.0,12/01/2017
Granger,51822,51822,100.0,12/02/2017
Granger,51822,51822,100.0,12/03/2017
Granger,51822,51822,100.0,12/04/2017
Granger,51822,51822,100.0,12/05/2017
Granger,51822,51822,100.0,12/06/2017
Granger,51822,51822,100.0,12/07/2017
Granger,51822,51822,100.0,12/08/2017
Granger,51822,51822,100.0,12/09/2017
Granger,51822,51822,100.0,12/10/2017
Granger,51822,51822,100.0,12/11/2017
Granger,51822,51822,100.0,12/12/2017
Granger,51822,51822,100.0,12/13/2017
Granger,51822,51822,100.0,12/14/2017
Granger,51822,51822,100.0,12/15/2017
Granger,51822,51822,100.0,12/16/2017
Granger,51822,51822,100.0,12/17/2017
Granger,51822,51822,100.0,12/18/2017
Granger,51822,51822,100.0,12/19/2017
Granger,51822,51822,100.0,12/20/2017
Granger,51822,51822,100.0,12/21/2017
Granger,51822,51822,100.0,12/22/2017
Granger,51822,51822,100.0,12/23/2017
Granger,51822,51822,100.0,12/24/2017
Granger,51822,51822,100.0,12/25/2017
Granger,51822,51822,100.0,12/26/2017
Granger,51822,51822,100.0,12/27/2017
Granger,51822,51822,100.0,12/28/2017
Granger,51822,51822,100.0,12/29/2017
Granger,51822,51822,100.0,12/30/2017
Granger,51822,51822,100.0,12/31/2017
Granger,51822,51822,100.0,01/01/2018
Granger,51822,51822,100.0,01/02/2018
Granger,51822,51822,100.0,01/03/2018
Granger,51822,51822,100.0,01/04/2018
Granger,51822,51822,100.0,01/05/2018
Granger,51822,51822,100.0,01/06/2018
Granger,51822,51822,100.0,01/07/2018
Granger,51822,51822,100.0,01/08/2018
Granger,51822,51822,100.0,01/09/2018
Granger,51822,51822,100.0,01/10/2018
Granger,51822,51822,100.0,01/11/2018
Granger,51822,51822,100.0,01/12/2018
Granger,51822,51822,100.0,01/13/2018
Granger,51822,51822,100.0,01/14/2018
Granger,51822,51822,100.0,01/15/2018
Granger,51822,51822,100.0,01/16/2018
Granger,51822,51822,100.0,01/17/2018
Granger,51822,51822,100.0,01/18/2018
Granger,51822,51822,100.0,01/19/2018
Granger,51822,51822,100.0,01/20/2018
Granger,51822,51822,100.0,01/21/2018
Granger,51822,51822,100.0,01/22/2018
Granger,51822,51822,100.0,01/23/2018
Granger,51822,51822,100.0,01/24/2018
Granger,51822,51822,100.0,01/25/2018
Granger,51822,51822,100.0,01/26/2018
Granger,51822,51822,100.0,01/27/2018
Granger,51822,51822,100.0,01/28/2018
Granger,51822,51822,100.0,01/29/2018
Granger,51822,51822,100.0,01/30/2018
Granger,51822,51822,100.0,01/31/2018
Granger,51822,51822,100.0,02/01/2018
Granger,51822,51822,100.0,02/02/2018
Granger,51822,51822,100.0,02/03/2018
Granger,51822,51822,100.0,02/04/2018
Granger,51822,51822,100.0,02/05/2018
Granger,51822,51822,100.0,02/06/2018
Granger,51822,51822,100.0,02/07/2018
Granger,51822,51822,100.0,02/08/2018
Granger,51822,51822,100.0,02/09/2018
Granger,51822,51822,100.0,02/10/2018
Granger,51822,51822,100.0,02/11/2018
Granger,51822,51822,100.0,02/12/2018
Granger,51822,51822,100.0,02/13/2018
Granger,51822,51822,100.0,02/14/2018
Granger,51822,51822,100.0,02/15/2018
Granger,51822,51822,100.0,02/16/2018
Granger,51822,51822,100.0,02/17/2018
Granger,51822,51822,100.0,02/18/2018
Granger,51822,51822,100.0,02/19/2018
Granger,51822,51822,100.0,02/20/2018
Granger,51822,51822,100.0,02/21/2018
Granger,51822,51822,100.0,02/22/2018
Granger,51822,51822,100.0,02/23/2018
Granger,51822,51822,100.0,02/24/2018
Granger,51822,51822,100.0,02/25/2018
Granger,51822,51822,100.0,02/26/2018
Granger,51822,51822,100.0,02/27/2018
Granger,51822,51822,100.0,02/28/2018
Granger,51822,51822,100.0,03/01/2018
Granger,51822,51822,100.0,03/02/2018
Granger,51822,51822,100.0,03/03/2018
Granger,51822,51822,100.0,03/04/2018
Granger,51822,51822,100.0,03/05/2018
Granger,51822,51822,100.0,03/06/2018
Granger,51822,51822,100.0,03/07/2018
Granger,51822,51822,100.0,03/08/2018
Granger,51822,51822,100.0,03/09/2018
Granger,51822,51822,100.0,03/10/2018
Granger,51822,51822,100.0,03/11/2018
Granger,51822,51822,100.0,03/12/2018
Granger,51822,51822,100.0,03/13/2018
Granger,51822,51822,100.0,03/14/2018
Granger,51822,51822,100.0,03/15/2018
Granger,51822,51822,100.0,03/16/2018
Granger,51822,51822,100.0,03/17/2018
Granger,51822,51822,100.0,03/18/2018
Granger,51822,51822,100.0,03/19/2018
Granger,51822,51822,100.0,03/20/2018
Granger,51822,51822,100.0,03/21/2018
Granger,51822,51822,100.0,03/22/2018
Granger,51822,51822,100.0,03/23/2018
Granger,51822,51822,100.0,03/24/2018
Granger,51822,51822,100.0,03/25/2018
Granger,51822,51822,100.0,03/26/2018
Granger,51822,51822,100.0,03/27/2018
Granger,51822,51822,100.0,03/28/2018
Granger,51822,51822,100.0,03/29/2018
Granger,51822,51822,100.0,03/30/2018
Granger,51822,51822,100.0,03/31/2018
Granger,51822,51822,100.0,04/01/2018
Granger,51822,51822,100.0,04/02/2018
Granger,51822,51822,100.0,04/03/2018
Granger,51822,51822,100.0,04/04/2018
Granger,51822,51822,100.0,04/05/2018
Granger,51822,51822,100.0,04/06/2018
Granger,51822,51822,100.0,04/07/2018
Granger,51822,51822,100.0,04/08/2018
Granger,51822,51822,100.0,04/09/2018
Granger,51822,51822,100.0,04/10/2018
Granger,51822,51822,100.0,04/11/2018
Granger,51822,51822,100.0,04/12/2018
Granger,51822,51822,100.0,04/13/2018
Granger,51822,51822,100.0,04/14/2018
Granger,51822,51822,100.0,04/15/2018
Granger,51822,51822,100.0,04/16/2018
Granger,51822,51822,100.0,04/17/2018
Granger,51822,51822,100.0,04/18/2018
Granger,51822,51822,100.0,04/19/2018
Granger,51822,51822,100.0,04/20/2018
Granger,51822,51822,100.0,04/21/2018
Granger,51822,51822,100.0,04/22/2018
Granger,51822,51822,100.0,04/23/2018
Granger,51822,51822,100.0,04/24/2018
Granger,51822,51822,100.0,04/25/2018
Granger,51822,51822,100.0,04/26/2018
Granger,51822,51822,100.0,04/27/2018
Granger,51822,51822,100.0,04/28/2018
Granger,51822,51822,100.0,04/29/2018
Granger,51822,51822,100.0,04/30/2018
Granger,51822,51822,100.0,05/01/2018
Granger,51822,51822,100.0,05/02/2018
Granger,51822,51822,100.0,05/03/2018
Granger,51822,51822,100.0,05/04/2018
Granger,51822,51822,100.0,05/05/2018
Granger,51822,51822,100.0,05/06/2018
Granger,51822,51822,100.0,05/07/2018
Granger,51822,51822,100.0,05/08/2018
Granger,51822,51822,100.0,05/09/2018
Granger,51822,51822,100.0,05/10/2018
Granger,51822,51822,100.0,05/11/2018
Granger,51822,51822,100.0,05/12/2018
Granger,51822,51822,100.0,05/13/2018
Granger,51822,51822,100.0,05/14/2018
Granger,51822,51822,100.0,05/15/2018
Granger,51822,51822,100.0,05/16/2018
Granger,51822,51822,100.0,05/17/2018
Granger,51822,51822,100.0,05/18/2018
Granger,51822,51822,100.0,05/19/2018
Granger,51822,51822,100.0,05/20/2018
Granger,51822,51822,100.0,05/21/2018
Granger,51822,51822,100.0,05/22/2018
Granger,51822,51822,100.0,05/23/2018
Granger,51822,51822,100.0,05/24/2018
Granger,51822,51822,100.0,05/25/2018
Granger,51822,51822,100.0,05/26/2018
Granger,51822,51822,100.0,05/27/2018
Granger,51822,51822,100.0,05/28/2018
Granger,51822,51822,100.0,05/29/2018
Granger,51822,51822,100.0,05/30/2018
Granger,51822,51822,100.0,05/31/2018
Granger,51822,51822,100.0,06/01/2018
Granger,51822,51822,100.0,06/02/2018
Granger,51822,51822,100.0,06/03/2018
Granger,51822,51822,100.0,06/04/2018
Granger,51822,51822,100.0,06/05/2018
Granger,51822,51822,100.0,06/06/2018
Granger,51822,51822,100.0,06/07/2018
Granger,51822,51822,100.0,06/08/2018
Granger,51822,51822,100.0,06/09/2018
Granger,51822,51822,100.0,06/10/2018
Granger,51822,51822,100.0,06/11/2018
Granger,51822,51822,100.0,06/12/2018
Granger,51822,51822,100.0,06/13/2018
Granger,51822,51822,100.0,06/14/2018
Granger,51822,51822,100.0,06/15/2018
Granger,51822,51822,100.0,06/16/2018
Granger,51822,51822,100.0,06/17/2018
Granger,51822,51822,100.0,06/18/2018
Granger,51822,51822,100.0,06/19/2018
Granger,51822,51822,100.0,06/20/2018
Granger,51822,51822,100.0,06/21/2018
Granger,51822,51822,100.0,06/22/2018
Granger,51822,51822,100.0,06/23/2018
Granger,51822,51822,100.0,06/24/2018
Granger,51822,51822,100.0,06/25/2018
Granger,51822,51822,100.0,06/26/2018
Granger,51822,51822,100.0,06/27/2018
Granger,51822,51822,100.0,06/28/2018
Granger,51822,51822,100.0,06/29/2018
Granger,51699,51822,99.8,06/30/2018
Granger,51535,51822,99.4,07/01/2018
Granger,51412,51822,99.2,07/02/2018
Granger,51331,51822,99.1,07/03/2018
Granger,51168,51822,98.7,07/04/2018
Granger,51127,51822,98.7,07/05/2018
Granger,51087,51822,98.6,07/06/2018
Granger,51087,51822,98.6,07/07/2018
Granger,51087,51822,98.6,07/08/2018
Granger,51127,51822,98.7,07/09/2018
Granger,51331,51822,99.1,07/10/2018
Granger,51331,51822,99.1,07/11/2018
Granger,51331,51822,99.1,07/12/2018
Granger,51290,51822,99.0,07/13/2018
Granger,51209,51822,98.8,07/14/2018
Granger,51087,51822,98.6,07/15/2018
Granger,51046,51822,98.5,07/16/2018
Granger,50884,51822,98.2,07/17/2018
Granger,50803,51822,98.0,07/18/2018
Granger,50681,51822,97.8,07/19/2018
Granger,50600,51822,97.6,07/20/2018
Granger,50439,51822,97.3,07/21/2018
Granger,50359,51822,97.2,07/22/2018
Granger,50238,51822,96.9,07/23/2018
Granger,50117,51822,96.7,07/24/2018
Granger,49957,51822,96.4,07/25/2018
Granger,49917,51822,96.3,07/26/2018
Granger,49797,51822,96.1,07/27/2018
Granger,49638,51822,95.8,07/28/2018
Granger,49518,51822,95.6,07/29/2018
Granger,49399,51822,95.3,07/30/2018
Granger,49280,51822,95.1,07/31/2018
Granger,49161,51822,94.9,08/01/2018
Granger,49042,51822,94.6,08/02/2018
Granger,48923,51822,94.4,08/03/2018
Granger,48805,51822,94.2,08/04/2018
Granger,48687,51822,94.0,08/05/2018
Granger,48530,51822,93.6,08/06/2018
Granger,48451,51822,93.5,08/07/2018
Granger,48333,51822,93.3,08/08/2018
Granger,48216,51822,93.0,08/09/2018
Granger,48099,51822,92.8,08/10/2018
Granger,47981,51822,92.6,08/11/2018
Granger,47981,51822,92.6,08/12/2018
Granger,48177,51822,93.0,08/13/2018
Granger,48099,51822,92.8,08/14/2018
Granger,48020,51822,92.7,08/15/2018
Granger,47903,51822,92.4,08/16/2018
Granger,47825,51822,92.3,08/17/2018
Granger,47709,51822,92.1,08/18/2018
Granger,47592,51822,91.8,08/19/2018
Granger,47476,51822,91.6,08/20/2018
Granger,47359,51822,91.4,08/21/2018
Granger,47243,51822,91.2,08/22/2018
Granger,47127,51822,90.9,08/23/2018
Granger,47050,51822,90.8,08/24/2018
Granger,46935,51822,90.6,08/25/2018
Granger,46819,51822,90.3,08/26/2018
Granger,46704,51822,90.1,08/27/2018
Granger,46589,51822,89.9,08/28/2018
Granger,46436,51822,89.6,08/29/2018
Granger,46321,51822,89.4,08/30/2018
Granger,46206,51822,89.2,08/31/2018
Granger,46130,51822,89.0,09/01/2018
Granger,46016,51822,88.8,09/02/2018
Granger,45939,51822,88.6,09/03/2018
Granger,45978,51822,88.7,09/04/2018
Granger,45978,51822,88.7,09/05/2018
Granger,45978,51822,88.7,09/06/2018
Granger,45978,51822,88.7,09/07/2018
Granger,46397,51822,89.5,09/08/2018
Granger,46973,51822,90.6,09/09/2018
Granger,48333,51822,93.3,09/10/2018
Granger,49518,51822,95.6,09/11/2018
Granger,50197,51822,96.9,09/12/2018
Granger,50399,51822,97.3,09/13/2018
Granger,50520,51822,97.5,09/14/2018
Granger,50600,51822,97.6,09/15/2018
Granger,50762,51822,98.0,09/16/2018
Granger,50924,51822,98.3,09/17/2018
Granger,51005,51822,98.4,09/18/2018
Granger,51127,51822,98.7,09/19/2018
Granger,51168,51822,98.7,09/20/2018
Granger,51209,51822,98.8,09/21/2018
Granger,51822,51822,100.0,09/22/2018
Granger,51822,51822,100.0,09/23/2018
Granger,51822,51822,100.0,09/24/2018
Granger,51822,51822,100.0,09/25/2018
Granger,51822,51822,100.0,09/26/2018
Granger,51822,51822,100.0,09/27/2018
Granger,51822,51822,100.0,09/28/2018
Granger,51822,51822,100.0,09/29/2018
Granger,51822,51822,100.0,09/30/2018
Granger,51822,51822,100.0,10/01/2018
Granger,51822,51822,100.0,10/02/2018
Granger,51822,51822,100.0,10/03/2018
Granger,51822,51822,100.0,10/04/2018
Granger,51822,51822,100.0,10/05/2018
Granger,51822,51822,100.0,10/06/2018
Granger,51822,51822,100.0,10/07/2018
Granger,51822,51822,100.0,10/08/2018
Granger,51822,51822,100.0,10/09/2018
Granger,51822,51822,100.0,10/10/2018
Granger,51822,51822,100.0,10/11/2018
Granger,51822,51822,100.0,10/12/2018
Granger,51822,51822,100.0,10/13/2018
Granger,51822,51822,100.0,10/14/2018
Granger,51822,51822,100.0,10/15/2018
Granger,51822,51822,100.0,10/16/2018
Granger,51822,51822,100.0,10/17/2018
Granger,51822,51822,100.0,10/18/2018
Granger,51822,51822,100.0,10/19/2018
Granger,51822,51822,100.0,10/20/2018
Granger,51822,51822,100.0,10/21/2018
Granger,51822,51822,100.0,10/22/2018
Granger,51822,51822,100.0,10/23/2018
Granger,51822,51822,100.0,10/24/2018
Granger,51822,51822,100.0,10/25/2018
Granger,51822,51822,100.0,10/26/2018
Granger,51822,51822,100.0,10/27/2018
Granger,51822,51822,100.0,10/28/2018
Granger,51822,51822,100.0,10/29/2018
Granger,51822,51822,100.0,10/30/2018
Granger,51822,51822,100.0,10/31/2018
Granger,51822,51822,100.0,11/01/2018
Granger,51822,51822,100.0,11/02/2018
Granger,51822,51822,100.0,11/03/2018
Granger,51822,51822,100.0,11/04/2018
Granger,51822,51822,100.0,11/05/2018
Granger,51822,51822,100.0,11/06/2018
Granger,51822,51822,100.0,11/07/2018
Granger,51822,51822,100.0,11/08/2018
Granger,51822,51822,100.0,11/09/2018
Granger,51822,51822,100.0,11/10/2018
Granger,51822,51822,100.0,11/11/2018
Granger,51822,51822,100.0,11/12/2018
Granger,51822,51822,100.0,11/13/2018
Granger,51822,51822,100.0,11/14/2018
Granger,51822,51822,100.0,11/15/2018
Granger,51822,51822,100.0,11/16/2018
Granger,51822,51822,100.0,11/17/2018
Granger,51822,51822,100.0,11/18/2018
Granger,51822,51822,100.0,11/19/2018
Granger,51822,51822,100.0,11/20/2018
Granger,51822,51822,100.0,11/21/2018
Granger,51822,51822,100.0,11/22/2018
Granger,51822,51822,100.0,11/23/2018
Granger,51822,51822,100.0,11/24/2018
Granger,51822,51822,100.0,11/25/2018
Granger,51822,51822,100.0,11/26/2018
Granger,51822,51822,100.0,11/27/2018
Granger,51822,51822,100.0,11/28/2018
Granger,51822,51822,100.0,11/29/2018
Granger,51822,51822,100.0,11/30/2018
Granger,51822,51822,100.0,12/01/2018
Granger,51822,51822,100.0,12/02/2018
Granger,51822,51822,100.0,12/03/2018
Granger,51822,51822,100.0,12/04/2018
Granger,51822,51822,100.0,12/05/2018
Granger,51822,51822,100.0,12/06/2018
Granger,51822,51822,100.0,12/07/2018
Granger,51822,51822,100.0,12/08/2018
Granger,51822,51822,100.0,12/09/2018
Granger,51822,51822,100.0,12/10/2018
Granger,51822,51822,100.0,12/11/2018
Granger,51822,51822,100.0,12/12/2018
Granger,51822,51822,100.0,12/13/2018
Granger,51822,51822,100.0,12/14/2018
Granger,51822,51822,100.0,12/15/2018
Granger,51822,51822,100.0,12/16/2018
Granger,51822,51822,100.0,12/17/2018
Granger,51822,51822,100.0,12/18/2018
Granger,51822,51822,100.0,12/19/2018
Granger,51822,51822,100.0,12/20/2018
Granger,51822,51822,100.0,12/21/2018
Granger,51822,51822,100.0,12/22/2018
Granger,51822,51822,100.0,12/23/2018
Granger,51822,51822,100.0,12/24/2018
Granger,51822,51822,100.0,12/25/2018
Granger,51822,51822,100.0,12/26/2018
Granger,51822,51822,100.0,12/27/2018
Granger,51822,51822,100.0,12/28/2018
Granger,51822,51822,100.0,12/29/2018
Granger,51822,51822,100.0,12/30/2018
Granger,51822,51822,100.0,12/31/2018
Granger,51822,51822,100.0,01/01/2019
Granger,51822,51822,100.0,01/02/2019
Granger,51822,51822,100.0,01/03/2019
Granger,51822,51822,100.0,01/04/2019
Granger,51822,51822,100.0,01/05/2019
Granger,51822,51822,100.0,01/06/2019
Granger,51822,51822,100.0,01/07/2019
Granger,51822,51822,100.0,01/08/2019
Granger,51822,51822,100.0,01/09/2019
Granger,51822,51822,100.0,01/10/2019
Granger,51822,51822,100.0,01/11/2019
Granger,51822,51822,100.0,01/12/2019
Granger,51822,51822,100.0,01/13/2019
Granger,51822,51822,100.0,01/14/2019
Granger,51822,51822,100.0,01/15/2019
Granger,51822,51822,100.0,01/16/2019
Granger,51822,51822,100.0,01/17/2019
Granger,51822,51822,100.0,01/18/2019
Granger,51822,51822,100.0,01/19/2019
Granger,51822,51822,100.0,01/20/2019
Granger,51822,51822,100.0,01/21/2019
Granger,51822,51822,100.0,01/22/2019
Granger,51822,51822,100.0,01/23/2019
Granger,51822,51822,100.0,01/24/2019
Granger,51822,51822,100.0,01/25/2019
Granger,51822,51822,100.0,01/26/2019
Granger,51822,51822,100.0,01/27/2019
Granger,51822,51822,100.0,01/28/2019
Granger,51822,51822,100.0,01/29/2019
Granger,51822,51822,100.0,01/30/2019
Granger,51822,51822,100.0,01/31/2019
Granger,51822,51822,100.0,02/01/2019
Granger,51822,51822,100.0,02/02/2019
Granger,51822,51822,100.0,02/03/2019
Granger,51822,51822,100.0,02/04/2019
Granger,51822,51822,100.0,02/05/2019
Granger,51822,51822,100.0,02/06/2019
Granger,51822,51822,100.0,02/07/2019
Granger,51822,51822,100.0,02/08/2019
Granger,51822,51822,100.0,02/09/2019
Granger,51822,51822,100.0,02/10/2019
Granger,51822,51822,100.0,02/11/2019
Granger,51822,51822,100.0,02/12/2019
Granger,51822,51822,100.0,02/13/2019
Granger,51822,51822,100.0,02/14/2019
Granger,51822,51822,100.0,02/15/2019
Granger,51822,51822,100.0,02/16/2019
Granger,51822,51822,100.0,02/17/2019
Granger,51822,51822,100.0,02/18/2019
Granger,51822,51822,100.0,02/19/2019
Granger,51822,51822,100.0,02/20/2019
Granger,51822,51822,100.0,02/21/2019
Granger,51822,51822,100.0,02/22/2019
Granger,51822,51822,100.0,02/23/2019
Granger,51822,51822,100.0,02/24/2019
Granger,51822,51822,100.0,02/25/2019
Granger,51822,51822,100.0,02/26/2019
Granger,51822,51822,100.0,02/27/2019
Granger,51822,51822,100.0,02/28/2019
Granger,51822,51822,100.0,03/01/2019
Granger,51822,51822,100.0,03/02/2019
Granger,51822,51822,100.0,03/03/2019
Granger,51822,51822,100.0,03/04/2019
Granger,51822,51822,100.0,03/05/2019
Granger,51822,51822,100.0,03/06/2019
Granger,51822,51822,100.0,03/07/2019
Granger,51822,51822,100.0,03/08/2019
Granger,51822,51822,100.0,03/09/2019
Granger,51822,51822,100.0,03/10/2019
Granger,51822,51822,100.0,03/11/2019
Granger,51822,51822,100.0,03/12/2019
Granger,51822,51822,100.0,03/13/2019
Granger,51822,51822,100.0,03/14/2019
Granger,51822,51822,100.0,03/15/2019
Granger,51822,51822,100.0,03/16/2019
Granger,51822,51822,100.0,03/17/2019
Granger,51822,51822,100.0,03/18/2019
Granger,51822,51822,100.0,03/19/2019
Granger,51822,51822,100.0,03/20/2019
Granger,51822,51822,100.0,03/21/2019
Granger,51822,51822,100.0,03/22/2019
Granger,51822,51822,100.0,03/23/2019
Granger,51822,51822,100.0,03/24/2019
Granger,51822,51822,100.0,03/25/2019
Granger,51822,51822,100.0,03/26/2019
Granger,51822,51822,100.0,03/27/2019
Granger,51822,51822,100.0,03/28/2019
Granger,51822,51822,100.0,03/29/2019
Granger,51822,51822,100.0,03/30/2019
Granger,51822,51822,100.0,03/31/2019
Granger,51822,51822,100.0,04/01/2019
Granger,51822,51822,100.0,04/02/2019
Granger,51822,51822,100.0,04/03/2019
Granger,51822,51822,100.0,04/04/2019
Granger,51822,51822,100.0,04/05/2019
Granger,51822,51822,100.0,04/06/2019
Granger,51822,51822,100.0,04/07/2019
Granger,51822,51822,100.0,04/08/2019
Granger,51822,51822,100.0,04/09/2019
Granger,51822,51822,100.0,04/10/2019
Granger,51822,51822,100.0,04/11/2019
Granger,51822,51822,100.0,04/12/2019
Granger,51822,51822,100.0,04/13/2019
Granger,51822,51822,100.0,04/14/2019
Granger,51822,51822,100.0,04/15/2019
Granger,51822,51822,100.0,04/16/2019
Granger,51822,51822,100.0,04/17/2019
Granger,51822,51822,100.0,04/18/2019
Granger,51822,51822,100.0,04/19/2019
Granger,51822,51822,100.0,04/20/2019
Granger,51822,51822,100.0,04/21/2019
Granger,51822,51822,100.0,04/22/2019
Granger,51822,51822,100.0,04/23/2019
Granger,51822,51822,100.0,04/24/2019
Granger,51822,51822,100.0,04/25/2019
Granger,51822,51822,100.0,04/26/2019
Granger,51822,51822,100.0,04/27/2019
Granger,51822,51822,100.0,04/28/2019
Granger,51822,51822,100.0,04/29/2019
Granger,51822,51822,100.0,04/30/2019
Granger,51822,51822,100.0,05/01/2019
Granger,51822,51822,100.0,05/02/2019
Granger,51822,51822,100.0,05/03/2019
Granger,51822,51822,100.0,05/04/2019
Granger,51822,51822,100.0,05/05/2019
Granger,51822,51822,100.0,05/06/2019
Granger,51822,51822,100.0,05/07/2019
Granger,51822,51822,100.0,05/08/2019
Granger,51822,51822,100.0,05/09/2019
Granger,51822,51822,100.0,05/10/2019
Granger,51822,51822,100.0,05/11/2019
Granger,51822,51822,100.0,05/12/2019
Granger,51822,51822,100.0,05/13/2019
Granger,51822,51822,100.0,05/14/2019
Granger,51822,51822,100.0,05/15/2019
Granger,51822,51822,100.0,05/16/2019
Granger,51822,51822,100.0,05/17/2019
Granger,51822,51822,100.0,05/18/2019
Granger,51822,51822,100.0,05/19/2019
Granger,51822,51822,100.0,05/20/2019
Granger,51822,51822,100.0,05/21/2019
Granger,51822,51822,100.0,05/22/2019
Granger,51822,51822,100.0,05/23/2019
Granger,51822,51822,100.0,05/24/2019
Granger,51822,51822,100.0,05/25/2019
Granger,51822,51822,100.0,05/26/2019
Granger,51822,51822,100.0,05/27/2019
Granger,51822,51822,100.0,05/28/2019
Granger,51822,51822,100.0,05/29/2019
Granger,51822,51822,100.0,05/30/2019
Granger,51822,51822,100.0,05/31/2019
Granger,51822,51822,100.0,06/01/2019
Granger,51822,51822,100.0,06/02/2019
Granger,51822,51822,100.0,06/03/2019
Granger,51822,51822,100.0,06/04/2019
Granger,51822,51822,100.0,06/05/2019
Granger,51822,51822,100.0,06/06/2019
Granger,51822,51822,100.0,06/07/2019
Granger,51822,51822,100.0,06/08/2019
Granger,51822,51822,100.0,06/09/2019
Granger,51822,51822,100.0,06/10/2019
Granger,51822,51822,100.0,06/11/2019
Granger,51822,51822,100.0,06/12/2019
Granger,51822,51822,100.0,06/13/2019
Granger,51822,51822,100.0,06/14/2019
Granger,51822,51822,100.0,06/15/2019
Granger,51822,51822,100.0,06/16/2019
Granger,51822,51822,100.0,06/17/2019
Granger,51822,51822,100.0,06/18/2019
Granger,51822,51822,100.0,06/19/2019
Granger,51822,51822,100.0,06/20/2019
Granger,51822,51822,100.0,06/21/2019
Granger,51822,51822,100.0,06/22/2019
Granger,51822,51822,100.0,06/23/2019
Granger,51822,51822,100.0,06/24/2019
Granger,51822,51822,100.0,06/25/2019
Granger,51822,51822,100.0,06/26/2019
Granger,51822,51822,100.0,06/27/2019
Granger,51822,51822,100.0,06/28/2019
Granger,51822,51822,100.0,06/29/2019
Granger,51822,51822,100.0,06/30/2019
Granger,51822,51822,100.0,07/01/2019
Granger,51822,51822,100.0,07/02/2019
Granger,51822,51822,100.0,07/03/2019
Granger,51822,51822,100.0,07/04/2019
Granger,51822,51822,100.0,07/05/2019
Granger,51822,51822,100.0,07/06/2019
Granger,51822,51822,100.0,07/07/2019
Granger,51822,51822,100.0,07/08/2019
Granger,51822,51822,100.0,07/09/2019
Granger,51822,51822,100.0,07/10/2019
Granger,51822,51822,100.0,07/11/2019
Granger,51822,51822,100.0,07/12/2019
Granger,51822,51822,100.0,07/13/2019
Granger,51822,51822,100.0,07/14/2019
Granger,51822,51822,100.0,07/15/2019
Granger,51822,51822,100.0,07/16/2019
Granger,51822,51822,100.0,07/17/2019
Granger,51822,51822,100.0,07/18/2019
Granger,51822,51822,100.0,07/19/2019
Granger,51822,51822,100.0,07/20/2019
Granger,51822,51822,100.0,07/21/2019
Granger,51822,51822,100.0,07/22/2019
Granger,51822,51822,100.0,07/23/2019
Granger,51822,51822,100.0,07/24/2019
Granger,51822,51822,100.0,07/25/2019
Granger,51822,51822,100.0,07/26/2019
Granger,51822,51822,100.0,07/27/2019
Granger,51822,51822,100.0,07/28/2019
Granger,51822,51822,100.0,07/29/2019
Granger,51822,51822,100.0,07/30/2019
Granger,51822,51822,100.0,07/31/2019
Granger,51822,51822,100.0,08/01/2019
Granger,51822,51822,100.0,08/02/2019
Granger,51822,51822,100.0,08/03/2019
Granger,51822,51822,100.0,08/04/2019
Granger,51822,51822,100.0,08/05/2019
Granger,51822,51822,100.0,08/06/2019
Granger,51822,51822,100.0,08/07/2019
Granger,51822,51822,100.0,08/08/2019
Granger,51822,51822,100.0,08/09/2019
Granger,51822,51822,100.0,08/10/2019
Granger,51822,51822,100.0,08/11/2019
Granger,51822,51822,100.0,08/12/2019
Granger,51822,51822,100.0,08/13/2019
Granger,51822,51822,100.0,08/14/2019
Granger,51822,51822,100.0,08/15/2019
Granger,51822,51822,100.0,08/16/2019
Granger,51822,51822,100.0,08/17/2019
Granger,51822,51822,100.0,08/18/2019
Granger,51822,51822,100.0,08/19/2019
Granger,51822,51822,100.0,08/20/2019
Granger,51822,51822,100.0,08/21/2019
Granger,51822,51822,100.0,08/22/2019
Granger,51822,51822,100.0,08/23/2019
Granger,51822,51822,100.0,08/24/2019
Granger,51822,51822,100.0,08/25/2019
Granger,51822,51822,100.0,08/26/2019
Granger,51822,51822,100.0,08/27/2019
Granger,51822,51822,100.0,08/28/2019
Granger,51822,51822,100.0,08/29/2019
Granger,51822,51822,100.0,08/30/2019
Granger,51822,51822,100.0,08/31/2019
Granger,51822,51822,100.0,09/01/2019
Granger,51822,51822,100.0,09/02/2019
Granger,51822,51822,100.0,09/03/2019
Granger,51822,51822,100.0,09/04/2019
Granger,51822,51822,100.0,09/05/2019
Granger,51822,51822,100.0,09/06/2019
Granger,51822,51822,100.0,09/07/2019
Granger,51822,51822,100.0,09/08/2019
Granger,51822,51822,100.0,09/09/2019
Granger,51781,51822,99.9,09/10/2019
Granger,51781,51822,99.9,09/11/2019
Granger,51781,51822,99.9,09/12/2019
Granger,51781,51822,99.9,09/13/2019
Granger,51781,51822,99.9,09/14/2019
Granger,51699,51822,99.8,09/15/2019
Granger,51617,51822,99.6,09/16/2019
Granger,51535,51822,99.4,09/17/2019
Granger,51535,51822,99.4,09/18/2019
Granger,51453,51822,99.3,09/19/2019
Granger,51412,51822,99.2,09/20/2019
Granger,51290,51822,99.0,09/21/2019
Granger,51290,51822,99.0,09/22/2019
Granger,51168,51822,98.7,09/23/2019
Granger,51168,51822,98.7,09/24/2019
Granger,51046,51822,98.5,09/25/2019
Granger,51046,51822,98.5,09/26/2019
Granger,50924,51822,98.3,09/27/2019
Granger,50803,51822,98.0,09/28/2019
Granger,50803,51822,98.0,09/29/2019
Granger,50722,51822,97.9,09/30/2019
Granger,50681,51822,97.8,10/01/2019
Granger,50560,51822,97.6,10/02/2019
Granger,50560,51822,97.6,10/03/2019
Granger,50479,51822,97.4,10/04/2019
Granger,50439,51822,97.3,10/05/2019
Granger,50318,51822,97.1,10/06/2019
Granger,50278,51822,97.0,10/07/2019
Granger,50117,51822,96.7,10/08/2019
Granger,50077,51822,96.6,10/09/2019
Granger,49997,51822,96.5,10/10/2019
Granger,50117,51822,96.7,10/11/2019
Granger,50077,51822,96.6,10/12/2019
Granger,50077,51822,96.6,10/13/2019
Granger,50077,51822,96.6,10/14/2019
Granger,50117,51822,96.7,10/15/2019
Granger,50117,51822,96.7,10/16/2019
Granger,50077,51822,96.6,10/17/2019
Granger,50077,51822,96.6,10/18/2019
Granger,50037,51822,96.6,10/19/2019
Granger,50037,51822,96.6,10/20/2019
Granger,50117,51822,96.7,10/21/2019
Granger,50077,51822,96.6,10/22/2019
Granger,50077,51822,96.6,10/23/2019
Granger,50077,51822,96.6,10/24/2019
Granger,50884,51822,98.2,10/25/2019
Granger,50803,51822,98.0,10/26/2019
Granger,50803,51822,98.0,10/27/2019
Granger,50803,51822,98.0,10/28/2019
Granger,50884,51822,98.2,10/29/2019
Granger,51005,51822,98.4,10/30/2019
Granger,50924,51822,98.3,10/31/2019
Granger,50924,51822,98.3,11/01/2019
Granger,50924,51822,98.3,11/02/2019
Granger,50924,51822,98.3,11/03/2019
Granger,50965,51822,98.3,11/04/2019
Granger,50965,51822,98.3,11/05/2019
Granger,51046,51822,98.5,11/06/2019
Granger,51168,51822,98.7,11/07/2019
Granger,51290,51822,99.0,11/08/2019
Granger,51372,51822,99.1,11/09/2019
Granger,51453,51822,99.3,11/10/2019
Granger,51494,51822,99.4,11/11/2019
Granger,51535,51822,99.4,11/12/2019
Granger,51535,51822,99.4,11/13/2019
Granger,51535,51822,99.4,11/14/2019
Granger,51658,51822,99.7,11/15/2019
Granger,51658,51822,99.7,11/16/2019
Granger,51740,51822,99.8,11/17/2019
Granger,51781,51822,99.9,11/18/2019
Granger,51822,51822,100.0,11/19/2019
Granger,51822,51822,100.0,11/20/2019
Granger,51822,51822,100.0,11/21/2019
Granger,51822,51822,100.0,11/22/2019
Granger,51822,51822,100.0,11/23/2019
Granger,51822,51822,100.0,11/24/2019
Granger,51822,51822,100.0,11/25/2019
Granger,51822,51822,100.0,11/26/2019
Granger,51822,51822,100.0,11/27/2019
Granger,51822,51822,100.0,11/28/2019
Granger,51822,51822,100.0,11/29/2019
Granger,51822,51822,100.0,11/30/2019
Granger,51822,51822,100.0,12/01/2019
Granger,51822,51822,100.0,12/02/2019
Granger,51822,51822,100.0,12/03/2019
Granger,51822,51822,100.0,12/04/2019
Granger,51822,51822,100.0,12/05/2019
Granger,51822,51822,100.0,12/06/2019
Granger,51822,51822,100.0,12/07/2019
Granger,51822,51822,100.0,12/08/2019
Granger,51822,51822,100.0,12/09/2019
Granger,51822,51822,100.0,12/10/2019
Granger,51822,51822,100.0,12/11/2019
Granger,51822,51822,100.0,12/12/2019
Granger,51822,51822,100.0,12/13/2019
Granger,51822,51822,100.0,12/14/2019
Granger,51822,51822,100.0,12/15/2019
Granger,51822,51822,100.0,12/16/2019
Granger,51822,51822,100.0,12/17/2019
Granger,51822,51822,100.0,12/18/2019
Granger,51822,51822,100.0,12/19/2019
Granger,51822,51822,100.0,12/20/2019
Granger,51822,51822,100.0,12/21/2019
Granger,51822,51822,100.0,12/22/2019
Granger,51822,51822,100.0,12/23/2019
Granger,51822,51822,100.0,12/24/2019
Granger,51822,51822,100.0,12/25/2019
Granger,51822,51822,100.0,12/26/2019
Granger,51822,51822,100.0,12/27/2019
Granger,51822,51822,100.0,12/28/2019
Granger,51822,51822,100.0,12/29/2019
Granger,51822,51822,100.0,12/30/2019
Granger,51822,51822,100.0,12/31/2019
Granger,51822,51822,100.0,01/01/2020
Granger,51822,51822,100.0,01/02/2020
Granger,51822,51822,100.0,01/03/2020
Granger,51822,51822,100.0,01/04/2020
Granger,51822,51822,100.0,01/05/2020
Granger,51822,51822,100.0,01/06/2020
Granger,51822,51822,100.0,01/07/2020
Granger,51822,51822,100.0,01/08/2020
Granger,51822,51822,100.0,01/09/2020
Granger,51822,51822,100.0,01/10/2020
Granger,51822,51822,100.0,01/11/2020
Granger,51822,51822,100.0,01/12/2020
Granger,51822,51822,100.0,01/13/2020
Granger,51822,51822,100.0,01/14/2020
Granger,51822,51822,100.0,01/15/2020
Granger,51822,51822,100.0,01/16/2020
Granger,51822,51822,100.0,01/17/2020
Granger,51822,51822,100.0,01/18/2020
Granger,51822,51822,100.0,01/19/2020
Granger,51822,51822,100.0,01/20/2020
Granger,51822,51822,100.0,01/21/2020
Granger,51822,51822,100.0,01/22/2020
Granger,51822,51822,100.0,01/23/2020
Granger,51822,51822,100.0,01/24/2020
Granger,51822,51822,100.0,01/25/2020
Granger,51822,51822,100.0,01/26/2020
Granger,51822,51822,100.0,01/27/2020
Granger,51822,51822,100.0,01/28/2020
Granger,51822,51822,100.0,01/29/2020
Granger,51822,51822,100.0,01/30/2020
Granger,51822,51822,100.0,01/31/2020
Granger,51822,51822,100.0,02/01/2020
Granger,51822,51822,100.0,02/02/2020
Granger,51822,51822,100.0,02/03/2020
Granger,51822,51822,100.0,02/04/2020
Granger,51822,51822,100.0,02/05/2020
Granger,51822,51822,100.0,02/06/2020
Granger,51822,51822,100.0,02/07/2020
Granger,51822,51822,100.0,02/08/2020
Granger,51822,51822,100.0,02/09/2020
Granger,51822,51822,100.0,02/10/2020
Granger,51822,51822,100.0,02/11/2020
Granger,51822,51822,100.0,02/12/2020
Granger,51822,51822,100.0,02/13/2020
Granger,51822,51822,100.0,02/14/2020
Granger,51822,51822,100.0,02/15/2020
Granger,51822,51822,100.0,02/16/2020
Granger,51822,51822,100.0,02/17/2020
Granger,51822,51822,100.0,02/18/2020
Granger,51822,51822,100.0,02/19/2020
Granger,51822,51822,100.0,02/20/2020
Granger,51822,51822,100.0,02/21/2020
Granger,51822,51822,100.0,02/22/2020
Granger,51822,51822,100.0,02/23/2020
Granger,51822,51822,100.0,02/24/2020
Granger,51822,51822,100.0,02/25/2020
Granger,51822,51822,100.0,03/03/2020
Granger,51822,51822,100.0,03/04/2020
Granger,51822,51822,100.0,03/05/2020
Granger,51822,51822,100.0,03/06/2020
Granger,51822,51822,100.0,03/07/2020
Granger,51822,51822,100.0,03/08/2020
Granger,51822,51822,100.0,03/09/2020
Granger,51822,51822,100.0,03/10/2020
Granger,51822,51822,100.0,03/11/2020
Granger,51822,51822,100.0,03/12/2020
Granger,51822,51822,100.0,03/13/2020
Granger,51822,51822,100.0,03/14/2020
Granger,51822,51822,100.0,03/15/2020
Granger,51822,51822,100.0,03/16/2020
Granger,51822,51822,100.0,03/17/2020
Granger,51822,51822,100.0,03/18/2020
Granger,51822,51822,100.0,03/19/2020
Granger,51822,51822,100.0,03/20/2020
Granger,51822,51822,100.0,03/21/2020
Granger,51822,51822,100.0,03/22/2020
Granger,51822,51822,100.0,03/23/2020
Granger,51822,51822,100.0,03/24/2020
Granger,51822,51822,100.0,03/25/2020
Granger,51822,51822,100.0,03/26/2020
Granger,51822,51822,100.0,03/27/2020
Granger,51822,51822,100.0,03/28/2020
Granger,51822,51822,100.0,03/29/2020
Granger,51822,51822,100.0,03/30/2020
Granger,51822,51822,100.0,03/31/2020
Granger,51822,51822,100.0,04/01/2020
Granger,51822,51822,100.0,04/02/2020
Granger,51822,51822,100.0,04/03/2020
Granger,51822,51822,100.0,04/04/2020
Granger,51822,51822,100.0,04/05/2020
Granger,51822,51822,100.0,04/06/2020
Granger,51822,51822,100.0,04/07/2020
Granger,51822,51822,100.0,04/08/2020
Granger,51822,51822,100.0,04/09/2020
Granger,51822,51822,100.0,04/10/2020
Granger,51822,51822,100.0,04/11/2020
Granger,51822,51822,100.0,04/12/2020
Granger,51822,51822,100.0,04/13/2020
Granger,51822,51822,100.0,04/14/2020
Granger,51822,51822,100.0,04/15/2020
Granger,51822,51822,100.0,04/16/2020
Granger,51822,51822,100.0,04/17/2020
Granger,51822,51822,100.0,04/18/2020
Granger,51822,51822,100.0,04/19/2020
Granger,51822,51822,100.0,04/20/2020
Granger,51822,51822,100.0,04/21/2020
Granger,51822,51822,100.0,04/22/2020
Granger,51822,51822,100.0,04/23/2020
Granger,51822,51822,100.0,04/24/2020
Granger,51822,51822,100.0,04/25/2020
Granger,51822,51822,100.0,04/26/2020
Granger,51822,51822,100.0,04/27/2020
Granger,51822,51822,100.0,04/28/2020
Granger,51822,51822,100.0,04/29/2020
Granger,51822,51822,100.0,04/30/2020
Granger,51822,51822,100.0,05/01/2020
Granger,51822,51822,100.0,05/02/2020
Granger,51822,51822,100.0,05/03/2020
Granger,51822,51822,100.0,05/04/2020
Granger,51822,51822,100.0,05/05/2020
Granger,51822,51822,100.0,05/06/2020
Granger,51822,51822,100.0,05/07/2020
Granger,51822,51822,100.0,05/08/2020
Granger,51822,51822,100.0,05/09/2020
Granger,51822,51822,100.0,05/10/2020
Granger,51822,51822,100.0,05/11/2020
Granger,51822,51822,100.0,05/12/2020
Granger,51822,51822,100.0,05/13/2020
Granger,51822,51822,100.0,05/14/2020
Granger,51822,51822,100.0,05/15/2020
Granger,51822,51822,100.0,05/16/2020
Granger,51822,51822,100.0,05/17/2020
Granger,51822,51822,100.0,05/18/2020
Granger,51822,51822,100.0,05/19/2020
Granger,51822,51822,100.0,05/20/2020
Granger,51822,51822,100.0,05/21/2020
Granger,51822,51822,100.0,05/22/2020
Granger,51822,51822,100.0,05/23/2020
Granger,51822,51822,100.0,05/24/2020
Granger,51822,51822,100.0,05/25/2020
Granger,51822,51822,100.0,05/26/2020
Granger,51822,51822,100.0,05/27/2020
Granger,51822,51822,100.0,05/28/2020
Granger,51822,51822,100.0,05/29/2020
Granger,51822,51822,100.0,05/30/2020
Granger,51822,51822,100.0,05/31/2020
Granger,51822,51822,100.0,06/01/2020
Granger,51822,51822,100.0,06/02/2020
Granger,51822,51822,100.0,06/03/2020
Granger,51822,51822,100.0,06/04/2020
Granger,51822,51822,100.0,06/05/2020
Granger,51822,51822,100.0,06/06/2020
Granger,51822,51822,100.0,06/07/2020
Granger,51822,51822,100.0,06/08/2020
Granger,51822,51822,100.0,06/09/2020
Granger,51822,51822,100.0,06/10/2020
Granger,51822,51822,100.0,06/11/2020
Granger,51822,51822,100.0,06/12/2020
Granger,51822,51822,100.0,06/13/2020
Granger,51822,51822,100.0,06/14/2020
Granger,51822,51822,100.0,06/15/2020
Granger,51822,51822,100.0,06/16/2020
Granger,51822,51822,100.0,06/17/2020
Granger,51822,51822,100.0,06/18/2020
Granger,51822,51822,100.0,06/19/2020
Granger,51822,51822,100.0,06/20/2020
Granger,51822,51822,100.0,06/21/2020
Granger,51822,51822,100.0,06/22/2020
Granger,51822,51822,100.0,06/23/2020
Granger,51822,51822,100.0,06/24/2020
Granger,51822,51822,100.0,06/25/2020
Granger,51822,51822,100.0,06/26/2020
Granger,51822,51822,100.0,06/27/2020
Granger,51822,51822,100.0,06/28/2020
Granger,51822,51822,100.0,06/29/2020
Granger,51822,51822,100.0,06/30/2020
Granger,51822,51822,100.0,07/01/2020
Granger,51822,51822,100.0,07/02/2020
Granger,51822,51822,100.0,07/03/2020
Granger,51822,51822,100.0,07/04/2020
Granger,51822,51822,100.0,07/05/2020
Granger,51822,51822,100.0,07/06/2020
Granger,51822,51822,100.0,07/07/2020
Granger,51822,51822,100.0,07/08/2020
Granger,51822,51822,100.0,07/09/2020
Granger,51781,51822,99.9,07/10/2020
Granger,51699,51822,99.8,07/11/2020
Granger,51576,51822,99.5,07/12/2020
Granger,51494,51822,99.4,07/13/2020
Granger,51331,51822,99.1,07/14/2020
Granger,51209,51822,98.8,07/15/2020
Granger,51046,51822,98.5,07/16/2020
Granger,50924,51822,98.3,07/17/2020
Granger,50803,51822,98.0,07/18/2020
Granger,50681,51822,97.8,07/19/2020
Granger,50600,51822,97.6,07/20/2020
Granger,50479,51822,97.4,07/21/2020
Granger,50359,51822,97.2,07/22/2020
Granger,50278,51822,97.0,07/23/2020
Granger,50117,51822,96.7,07/24/2020
Granger,49997,51822,96.5,07/25/2020
Granger,50117,51822,96.7,07/26/2020
Granger,50318,51822,97.1,07/27/2020
Granger,50238,51822,96.9,07/28/2020
Granger,50197,51822,96.9,07/29/2020
Granger,50077,51822,96.6,07/30/2020
Granger,49997,51822,96.5,07/31/2020
Granger,49957,51822,96.4,08/01/2020
Granger,49837,51822,96.2,08/02/2020
Granger,49757,51822,96.0,08/03/2020
Granger,49717,51822,95.9,08/04/2020
Granger,49598,51822,95.7,08/05/2020
Granger,49438,51822,95.4,08/06/2020
Granger,49319,51822,95.2,08/07/2020
Granger,49200,51822,94.9,08/08/2020
Granger,49081,51822,94.7,08/09/2020
Granger,48923,51822,94.4,08/10/2020
Granger,48805,51822,94.2,08/11/2020
Granger,48687,51822,94.0,08/12/2020
Granger,48569,51822,93.7,08/13/2020
Granger,48412,51822,93.4,08/14/2020
Granger,48255,51822,93.1,08/15/2020
Granger,48099,51822,92.8,08/16/2020
Granger,47981,51822,92.6,08/17/2020
Granger,47864,51822,92.4,08/18/2020
Granger,47748,51822,92.1,08/19/2020
Granger,47592,51822,91.8,08/20/2020
Granger,47437,51822,91.5,08/21/2020
Granger,47398,51822,91.5,08/22/2020
Granger,47359,51822,91.4,08/23/2020
Granger,47243,51822,91.2,08/24/2020
Granger,47166,51822,91.0,08/25/2020
Granger,47050,51822,90.8,08/26/2020
Granger,46973,51822,90.6,08/27/2020
Granger,46935,51822,90.6,08/28/2020
Granger,46781,51822,90.3,08/29/2020
Granger,46666,51822,90.1,08/30/2020
Granger,46589,51822,89.9,08/31/2020
Granger,46474,51822,89.7,09/01/2020
Granger,46397,51822,89.5,09/02/2020
Granger,46474,51822,89.7,09/03/2020
Granger,46858,51822,90.4,09/04/2020
Granger,47166,51822,91.0,09/05/2020
Granger,47553,51822,91.8,09/06/2020
Granger,47553,51822,91.8,09/07/2020
Granger,47476,51822,91.6,09/08/2020
Granger,47476,51822,91.6,09/09/2020
Granger,47514,51822,91.7,09/10/2020
Granger,47514,51822,91.7,09/11/2020
Granger,47514,51822,91.7,09/12/2020
Granger,47476,51822,91.6,09/13/2020
Granger,47437,51822,91.5,09/14/2020
Granger,47398,51822,91.5,09/15/2020
Granger,47398,51822,91.5,09/16/2020
Granger,47359,51822,91.4,09/17/2020
Granger,47321,51822,91.3,09/18/2020
Granger,47243,51822,91.2,09/19/2020
Granger,47166,51822,91.0,09/20/2020
Granger,47166,51822,91.0,09/21/2020
Granger,47321,51822,91.3,09/22/2020
Granger,47553,51822,91.8,09/23/2020
Granger,47670,51822,92.0,09/24/2020
Granger,47670,51822,92.0,09/25/2020
Granger,47748,51822,92.1,09/26/2020
Granger,47786,51822,92.2,09/27/2020
Granger,47670,51822,92.0,09/28/2020
Granger,47592,51822,91.8,09/29/2020
Granger,47553,51822,91.8,09/30/2020
Granger,47514,51822,91.7,10/01/2020
Granger,47437,51822,91.5,10/02/2020
Granger,47398,51822,91.5,10/03/2020
Granger,47321,51822,91.3,10/04/2020
Granger,47321,51822,91.3,10/05/2020
Granger,47282,51822,91.2,10/06/2020
Granger,47243,51822,91.2,10/07/2020
Granger,47243,51822,91.2,10/08/2020
Granger,47205,51822,91.1,10/09/2020
Granger,47205,51822,91.1,10/10/2020
Granger,47166,51822,91.0,10/11/2020
Granger,47127,51822,90.9,10/12/2020
Granger,47012,51822,90.7,10/13/2020
Granger,46973,51822,90.6,10/14/2020
Granger,46935,51822,90.6,10/15/2020
Granger,46742,51822,90.2,10/16/2020
Granger,46704,51822,90.1,10/17/2020
Granger,46666,51822,90.1,10/18/2020
Granger,46589,51822,89.9,10/19/2020
Granger,46589,51822,89.9,10/20/2020
Granger,46551,51822,89.8,10/21/2020
Granger,46512,51822,89.8,10/22/2020
Granger,46512,51822,89.8,10/23/2020
Granger,46436,51822,89.6,10/24/2020
Granger,46397,51822,89.5,10/25/2020
Granger,46359,51822,89.5,10/26/2020
Granger,46283,51822,89.3,10/27/2020
Granger,46283,51822,89.3,10/28/2020
Granger,46206,51822,89.2,10/29/2020
Granger,46130,51822,89.0,10/30/2020
Granger,46092,51822,88.9,10/31/2020
Granger,46092,51822,88.9,11/01/2020
Granger,46054,51822,88.9,11/02/2020
Granger,46054,51822,88.9,11/03/2020
Granger,46092,51822,88.9,11/04/2020
Granger,46054,51822,88.9,11/05/2020
Granger,46054,51822,88.9,11/06/2020
Granger,46016,51822,88.8,11/07/2020
Granger,46016,51822,88.8,11/08/2020
Granger,46016,51822,88.8,11/09/2020
Granger,46016,51822,88.8,11/10/2020
Granger,45978,51822,88.7,11/11/2020
Granger,45939,51822,88.6,11/12/2020
Granger,45939,51822,88.6,11/13/2020
Granger,45978,51822,88.7,11/14/2020
Granger,45863,51822,88.5,11/15/2020
Granger,45788,51822,88.4,11/16/2020
Granger,45712,51822,88.2,11/17/2020
Granger,45712,51822,88.2,11/18/2020
Granger,45674,51822,88.1,11/19/2020
Granger,45674,51822,88.1,11/20/2020
Granger,45674,51822,88.1,11/21/2020
Granger,45674,51822,88.1,11/22/2020
Granger,45636,51822,88.1,11/23/2020
Granger,45636,51822,88.1,11/24/2020
Granger,45636,51822,88.1,11/25/2020
Granger,45598,51822,88.0,11/26/2020
Granger,45598,51822,88.0,11/27/2020
Granger,45598,51822,88.0,11/28/2020
Granger,45712,51822,88.2,11/29/2020
Granger,45636,51822,88.1,11/30/2020
Granger,45598,51822,88.0,12/01/2020
Granger,45560,51822,87.9,12/02/2020
Granger,45560,51822,87.9,12/03/2020
Granger,45484,51822,87.8,12/04/2020
Granger,45484,51822,87.8,12/05/2020
Granger,45484,51822,87.8,12/06/2020
Granger,45484,51822,87.8,12/07/2020
Granger,45484,51822,87.8,12/08/2020
Granger,45484,51822,87.8,12/09/2020
Granger,45484,51822,87.8,12/10/2020
Granger,45484,51822,87.8,12/11/2020
Granger,45522,51822,87.8,12/12/2020
Granger,45560,51822,87.9,12/13/2020
Granger,45560,51822,87.9,12/14/2020
Granger,45560,51822,87.9,12/15/2020
Granger,45560,51822,87.9,12/16/2020
Granger,45522,51822,87.8,12/17/2020
Granger,45560,51822,87.9,12/18/2020
Granger,45674,51822,88.1,12/19/2020
Granger,45788,51822,88.4,12/20/2020
Granger,45826,51822,88.4,12/21/2020
Granger,45826,51822,88.4,12/22/2020
Granger,45901,51822,88.6,12/23/2020
Granger,45863,51822,88.5,12/24/2020
Granger,45826,51822,88.4,12/25/2020
Granger,45826,51822,88.4,12/26/2020
Granger,45863,51822,88.5,12/27/2020
Granger,45826,51822,88.4,12/28/2020
Granger,45863,51822,88.5,12/29/2020
Granger,46054,51822,88.9,12/30/2020
Granger,47050,51822,90.8,12/31/2020
Granger,47825,51822,92.3,01/01/2021
Granger,47981,51822,92.6,01/02/2021
Granger,48099,51822,92.8,01/03/2021
Granger,48138,51822,92.9,01/04/2021
Granger,48216,51822,93.0,01/05/2021
Granger,48333,51822,93.3,01/06/2021
Granger,48373,51822,93.3,01/07/2021
Granger,48333,51822,93.3,01/08/2021
Granger,48373,51822,93.3,01/09/2021
Granger,48608,51822,93.8,01/10/2021
Granger,48923,51822,94.4,01/11/2021
Granger,49002,51822,94.6,01/12/2021
Granger,49161,51822,94.9,01/13/2021
Granger,49200,51822,94.9,01/14/2021
Granger,49240,51822,95.0,01/15/2021
Granger,49280,51822,95.1,01/16/2021
Granger,49280,51822,95.1,01/17/2021
Granger,49359,51822,95.2,01/18/2021
Granger,49399,51822,95.3,01/19/2021
Granger,49518,51822,95.6,01/20/2021
Granger,49677,51822,95.9,01/21/2021
Granger,49717,51822,95.9,01/22/2021
Granger,49797,51822,96.1,01/23/2021
Granger,49877,51822,96.2,01/24/2021
Granger,50077,51822,96.6,01/25/2021
Granger,50077,51822,96.6,01/26/2021
Granger,50077,51822,96.6,01/27/2021
Granger,50117,51822,96.7,01/28/2021
Granger,50197,51822,96.9,01/29/2021
Granger,50278,51822,97.0,01/30/2021
Granger,50238,51822,96.9,01/31/2021
Granger,50238,51822,96.9,02/01/2021
Granger,50278,51822,97.0,02/02/2021
Granger,50359,51822,97.2,02/03/2021
Granger,50399,51822,97.3,02/04/2021
Granger,50359,51822,97.2,02/05/2021
Granger,50439,51822,97.3,02/06/2021
Granger,50399,51822,97.3,02/07/2021
Granger,50439,51822,97.3,02/08/2021
Granger,50439,51822,97.3,02/09/2021
Granger,50439,51822,97.3,02/10/2021
Granger,50520,51822,97.5,02/11/2021
Granger,50722,51822,97.9,02/12/2021
Granger,50803,51822,98.0,02/13/2021
Granger,50843,51822,98.1,02/14/2021
Granger,51127,51822,98.7,02/15/2021
Granger,51250,51822,98.9,02/16/2021
Granger,51453,51822,99.3,02/17/2021
Granger,51617,51822,99.6,02/18/2021
Granger,51740,51822,99.8,02/19/2021
Granger,51822,51822,100.0,02/20/2021
Granger,51822,51822,100.0,02/21/2021
Granger,51822,51822,100.0,02/22/2021
Granger,51822,51822,100.0,02/23/2021
Granger,51822,51822,100.0,02/24/2021
Granger,51822,51822,100.0,02/25/2021
Granger,51822,51822,100.0,02/26/2021
Granger,51822,51822,100.0,02/27/2021
Granger,51822,51822,100.0,02/28/2021
Granger,51822,51822,100.0,03/01/2021
Granger,51822,51822,100.0,03/02/2021
Granger,51822,51822,100.0,03/03/2021
Granger,51822,51822,100.0,03/04/2021
Granger,51822,51822,100.0,03/05/2021
Granger,51822,51822,100.0,03/06/2021
Granger,51822,51822,100.0,03/07/2021
Granger,51822,51822,100.0,03/08/2021
Granger,51822,51822,100.0,03/09/2021
Granger,51822,51822,100.0,03/10/2021
Granger,51822,51822,100.0,03/11/2021
Granger,51822,51822,100.0,03/12/2021
Granger,51822,51822,100.0,03/13/2021
Granger,51822,51822,100.0,03/14/2021
Granger,51822,51822,100.0,03/15/2021
Granger,51822,51822,100.0,03/16/2021
Granger,51822,51822,100.0,03/17/2021
Granger,51822,51822,100.0,03/18/2021
Granger,51822,51822,100.0,03/19/2021
Granger,51822,51822,100.0,03/20/2021
Granger,51822,51822,100.0,03/21/2021
Granger,51822,51822,100.0,03/22/2021
Granger,51822,51822,100.0,03/23/2021
Granger,51822,51822,100.0,03/24/2021
Granger,51822,51822,100.0,03/25/2021
Granger,51822,51822,100.0,03/26/2021
Granger,51822,51822,100.0,03/27/2021
Granger,51822,51822,100.0,03/28/2021
Granger,51822,51822,100.0,03/29/2021
Granger,51822,51822,100.0,03/30/2021
Granger,51822,51822,100.0,03/31/2021
Granger,51822,51822,100.0,04/01/2021
Granger,51822,51822,100.0,04/02/2021
Granger,51822,51822,100.0,04/03/2021
Granger,51822,51822,100.0,04/04/2021
Granger,51822,51822,100.0,04/05/2021
Granger,51822,51822,100.0,04/06/2021
Granger,51822,51822,100.0,04/07/2021
Granger,51822,51822,100.0,04/08/2021
Granger,51822,51822,100.0,04/09/2021
Granger,51822,51822,100.0,04/10/2021
Granger,51822,51822,100.0,04/11/2021
Granger,51822,51822,100.0,04/12/2021
Granger,51822,51822,100.0,04/13/2021
Granger,51822,51822,100.0,04/14/2021
Granger,51822,51822,100.0,04/15/2021
Granger,51822,51822,100.0,04/16/2021
Granger,51822,51822,100.0,04/17/2021
Granger,51822,51822,100.0,04/18/2021
Granger,51822,51822,100.0,04/19/2021
Granger,51822,51822,100.0,04/20/2021
Granger,51822,51822,100.0,04/21/2021
Granger,51822,51822,100.0,04/22/2021
Granger,51822,51822,100.0,04/23/2021
Granger,51822,51822,100.0,04/24/2021
Granger,51822,51822,100.0,04/25/2021
Granger,51822,51822,100.0,04/26/2021
Granger,51822,51822,100.0,04/27/2021
Granger,51822,51822,100.0,04/28/2021
Granger,51822,51822,100.0,04/29/2021
Granger,51822,51822,100.0,04/30/2021
Granger,51822,51822,100.0,05/01/2021
Granger,51822,51822,100.0,05/02/2021
Granger,51822,51822,100.0,05/03/2021
Granger,51822,51822,100.0,05/04/2021
Granger,51822,51822,100.0,05/05/2021
Granger,51822,51822,100.0,05/06/2021
Granger,51822,51822,100.0,05/07/2021
Granger,51822,51822,100.0,05/08/2021
Granger,51822,51822,100.0,05/09/2021
Granger,51822,51822,100.0,05/10/2021
Granger,51822,51822,100.0,05/11/2021
Granger,51822,51822,100.0,05/12/2021
Granger,51822,51822,100.0,05/13/2021
Granger,51822,51822,100.0,05/14/2021
Granger,51822,51822,100.0,05/15/2021
Granger,51822,51822,100.0,05/16/2021
Granger,51822,51822,100.0,05/17/2021
Granger,51822,51822,100.0,05/18/2021
Granger,51822,51822,100.0,05/19/2021
Granger,51822,51822,100.0,05/20/2021
Granger,51822,51822,100.0,05/21/2021
Granger,51822,51822,100.0,05/22/2021
Granger,51822,51822,100.0,05/23/2021
Granger,51822,51822,100.0,05/24/2021
Granger,51822,51822,100.0,05/25/2021
Granger,51822,51822,100.0,05/26/2021
Granger,51822,51822,100.0,05/27/2021
Granger,51822,51822,100.0,05/28/2021
Granger,51822,51822,100.0,05/29/2021
Granger,51822,51822,100.0,05/30/2021
Granger,51822,51822,100.0,05/31/2021
Granger,51822,51822,100.0,06/01/2021
Granger,51822,51822,100.0,06/02/2021
Granger,51822,51822,100.0,06/03/2021
Granger,51822,51822,100.0,06/04/2021
Granger,51822,51822,100.0,06/05/2021
Granger,51822,51822,100.0,06/06/2021
Granger,51822,51822,100.0,06/07/2021
Granger,51822,51822,100.0,06/08/2021
Granger,51822,51822,100.0,06/09/2021
Granger,51822,51822,100.0,06/10/2021
Granger,51822,51822,100.0,06/11/2021
Granger,51822,51822,100.0,06/12/2021
Granger,51822,51822,100.0,06/13/2021
Granger,51822,51822,100.0,06/14/2021
Granger,51822,51822,100.0,06/15/2021
Granger,51822,51822,100.0,06/16/2021
Granger,51822,51822,100.0,06/17/2021
Granger,51822,51822,100.0,06/18/2021
Granger,51822,51822,100.0,06/19/2021
Granger,51822,51822,100.0,06/20/2021
Granger,51822,51822,100.0,06/21/2021
Granger,51822,51822,100.0,06/22/2021
Granger,51822,51822,100.0,06/23/2021
Granger,51822,51822,100.0,06/24/2021
Granger,51822,51822,100.0,06/25/2021
Granger,51822,51822,100.0,06/26/2021
Granger,51822,51822,100.0,06/27/2021
Granger,51822,51822,100.0,06/28/2021
Granger,51822,51822,100.0,06/29/2021
Granger,51822,51822,100.0,06/30/2021
